{
 "cells": [
  {
   "cell_type": "code",
   "execution_count": 11,
   "metadata": {},
   "outputs": [
    {
     "name": "stdout",
     "output_type": "stream",
     "text": [
      "(658, 14)\n",
      "              0         1         2         3         4         5         6  \\\n",
      "15181  0.970428  0.761107  0.757851  0.952442  0.483046  0.545174  0.285211   \n",
      "15182  0.761107  0.924386  0.672212  0.854241  0.573655  0.623632  0.723634   \n",
      "15183  0.757851  0.672212  0.899688  0.751773  0.742610  0.778874  0.701996   \n",
      "15184  0.952442  0.854241  0.751773  0.978167  0.436391  0.438083  0.449562   \n",
      "15185  0.483046  0.573655  0.742610  0.436391  0.948741  0.832127  0.901190   \n",
      "15186  0.545174  0.623632  0.778874  0.438083  0.832127  0.934346  0.803932   \n",
      "15187  0.285211  0.723634  0.701996  0.449562  0.901190  0.803932  0.960256   \n",
      "15188  0.230012  0.719967  0.695253  0.274132  0.838419  0.820714  0.897207   \n",
      "15189  0.955373  0.839617  0.685714  0.964769  0.430614  0.607336  0.349716   \n",
      "15190  0.157176  0.513871  0.838819  0.007791  0.876066  0.811458  0.886750   \n",
      "15191  0.647404  0.632421  0.687840  0.293358  0.791491  0.872406  0.722564   \n",
      "15192  0.975382  0.802623  0.708115  0.982421  0.553558  0.315426  0.286223   \n",
      "15193  0.523892  0.766548  0.728242  0.273018  0.804614  0.702754  0.795901   \n",
      "15194  0.511573  0.782742  0.822645  0.535090  0.632744  0.819326  0.772398   \n",
      "15195  0.957493  0.876258  0.805517  0.931720  0.610859  0.522196  0.380858   \n",
      "15196  0.876258  0.960341  0.859893  0.900540  0.551641  0.597216  0.408435   \n",
      "15197  0.805517  0.859893  0.911016  0.837993  0.647882  0.623883  0.653739   \n",
      "15198  0.931720  0.900540  0.837993  0.986283  0.510426  0.259486  0.169585   \n",
      "15199  0.610859  0.551641  0.647882  0.510426  0.914910  0.843756  0.843661   \n",
      "15200  0.522196  0.597216  0.623883  0.259486  0.843756  0.948515  0.878157   \n",
      "15201  0.380858  0.408435  0.653739  0.169585  0.843661  0.878157  0.957234   \n",
      "15202  0.487971  0.540025  0.679210  0.528684  0.820969  0.807262  0.897440   \n",
      "15203  0.941164  0.902799  0.791563  0.963934  0.512009  0.467478  0.284908   \n",
      "15204  0.415711  0.382463  0.584991 -0.125565  0.844523  0.930253  0.925694   \n",
      "15205  0.480910  0.646076  0.734302  0.377977  0.800529  0.821489  0.888157   \n",
      "15206  0.958632  0.928133  0.802218  0.983217  0.565155  0.246150  0.045852   \n",
      "15207  0.408320  0.531714  0.729999  0.392643  0.817810  0.808552  0.887638   \n",
      "15208  0.459038  0.456777  0.728693  0.311034  0.855080  0.872929  0.872484   \n",
      "15209  0.984491  0.874827  0.860833  0.963919  0.550656  0.654880  0.418655   \n",
      "15210  0.874827  0.899111  0.812672  0.886177  0.701828  0.687101  0.660970   \n",
      "15211  0.860833  0.812672  0.838295  0.836462  0.755071  0.707459  0.701354   \n",
      "15212  0.963919  0.886177  0.836462  0.981891  0.386103  0.598826  0.457479   \n",
      "15213  0.550656  0.701828  0.755071  0.386103  0.912742  0.790383  0.854658   \n",
      "15214  0.654880  0.687101  0.707459  0.598826  0.790383  0.920441  0.753076   \n",
      "15215  0.418655  0.660970  0.701354  0.457479  0.854658  0.753076  0.924130   \n",
      "15216 -0.060421  0.514846  0.581392  0.073028  0.851863  0.778830  0.885669   \n",
      "15217  0.952286  0.870392  0.842241  0.945431  0.555027  0.548208  0.456298   \n",
      "15218 -0.056136  0.408201  0.594821 -0.168067  0.904018  0.857802  0.913877   \n",
      "15219  0.192383  0.613017  0.670048  0.280851  0.851073  0.806872  0.857976   \n",
      "15220  0.973227  0.888732  0.843683  0.977882  0.294772  0.520651  0.353717   \n",
      "15221  0.489287  0.672717  0.709407  0.627317  0.783730  0.780576  0.797823   \n",
      "15222  0.260575  0.654708  0.703038  0.371562  0.824785  0.856726  0.841115   \n",
      "15223  0.978162  0.907472  0.799158  0.963878  0.169237  0.323740  0.307125   \n",
      "15224  0.907472  0.915662  0.800328  0.926760  0.565591  0.514079  0.424522   \n",
      "15225  0.799158  0.800328  0.885743  0.809651  0.746536  0.598937  0.665874   \n",
      "15226  0.963878  0.926760  0.809651  0.986954  0.311392  0.215558  0.056153   \n",
      "15227  0.169237  0.565591  0.746536  0.311392  0.964005  0.872274  0.883092   \n",
      "15228  0.323740  0.514079  0.598937  0.215558  0.872274  0.957048  0.920482   \n",
      "15229  0.307125  0.424522  0.665874  0.056153  0.883092  0.920482  0.969295   \n",
      "15230  0.087644  0.459055  0.625820  0.184495  0.891909  0.928161  0.915368   \n",
      "15231  0.969570  0.919008  0.813207  0.976650  0.298971  0.134195  0.039026   \n",
      "15232  0.361757  0.554672  0.697745  0.297919  0.885309  0.863004  0.882316   \n",
      "15233  0.442207  0.606841  0.761266  0.257870  0.863478  0.870915  0.889717   \n",
      "15234  0.969202  0.922802  0.849172  0.969660  0.309034  0.171085  0.139379   \n",
      "15235  0.548062  0.616164  0.702131  0.397374  0.748336  0.880431  0.879491   \n",
      "15236  0.467375  0.621152  0.703447  0.481550  0.861395  0.855372  0.846988   \n",
      "15237  0.941313  0.834771  0.808539  0.952764  0.495318  0.537594  0.503901   \n",
      "15238  0.834771  0.888280  0.789763  0.876491  0.629318  0.687486  0.656666   \n",
      "15239  0.808539  0.789763  0.891737  0.849336  0.711423  0.649505  0.654507   \n",
      "15240  0.952764  0.876491  0.849336  0.991162  0.199494  0.367755  0.341370   \n",
      "15241  0.495318  0.629318  0.711423  0.199494  0.952003  0.859907  0.838418   \n",
      "15242  0.537594  0.687486  0.649505  0.367755  0.859907  0.944024  0.866520   \n",
      "15243  0.503901  0.656666  0.654507  0.341370  0.838418  0.866520  0.952236   \n",
      "15244  0.529435  0.633042  0.693817  0.139408  0.858565  0.826814  0.792662   \n",
      "15245  0.935076  0.867684  0.841341  0.976892  0.196698  0.322313  0.519008   \n",
      "15246  0.356123  0.621537  0.641322 -0.145947  0.904299  0.900783  0.885584   \n",
      "15247  0.520476  0.658275  0.726080  0.241989  0.882240  0.850221  0.817617   \n",
      "15248  0.951977  0.892702  0.857165  0.988376  0.180954  0.211954  0.383704   \n",
      "15249  0.530124  0.663710  0.655561  0.328815  0.893050  0.836177  0.833254   \n",
      "15250  0.567594  0.619942  0.671642  0.390872  0.833087  0.845217  0.843376   \n",
      "15251  0.982606  0.852659  0.783296  0.975604  0.239545  0.412137  0.356619   \n",
      "15252  0.852659  0.909042  0.767410  0.875140  0.637263  0.624634  0.673280   \n",
      "15253  0.783296  0.767410  0.910517  0.747249  0.700708  0.745878  0.768192   \n",
      "15254  0.975604  0.875140  0.747249  0.992793  0.144732  0.180348  0.361187   \n",
      "15255  0.239545  0.637263  0.700708  0.144732  0.953528  0.888787  0.861539   \n",
      "15256  0.412137  0.624634  0.745878  0.180348  0.888787  0.937381  0.849078   \n",
      "15257  0.356619  0.673280  0.768192  0.361187  0.861539  0.849078  0.949296   \n",
      "15258  0.368439  0.648267  0.729402  0.088026  0.870806  0.876515  0.799346   \n",
      "15259  0.949780  0.871954  0.714283  0.972619  0.377880  0.364824  0.428387   \n",
      "15260  0.222791  0.609142  0.702823  0.049395  0.916260  0.882004  0.850624   \n",
      "15261  0.363059  0.674235  0.726683  0.306765  0.858362  0.870325  0.823342   \n",
      "15262  0.975277  0.874623  0.735680  0.983615  0.059046  0.257142  0.358025   \n",
      "15263  0.458961  0.595703  0.774234  0.297983  0.868577  0.871429  0.851190   \n",
      "15264  0.450118  0.651586  0.721244  0.491931  0.872574  0.827401  0.870742   \n",
      "15265  0.971838  0.828363  0.810597  0.957004  0.477863  0.456892  0.443390   \n",
      "15266  0.828363  0.897637  0.774284  0.871662  0.640598  0.666457  0.717147   \n",
      "15267  0.810597  0.774284  0.880775  0.823289  0.740837  0.715557  0.669364   \n",
      "15268  0.957004  0.871662  0.823289  0.988315  0.362379  0.276751  0.378745   \n",
      "15269  0.477863  0.640598  0.740837  0.362379  0.949076  0.835418  0.868775   \n",
      "15270  0.456892  0.666457  0.715557  0.276751  0.835418  0.937086  0.845382   \n",
      "15271  0.443390  0.717147  0.669364  0.378745  0.868775  0.845382  0.951788   \n",
      "15272  0.355605  0.658571  0.729052  0.381494  0.821298  0.831706  0.856719   \n",
      "15273  0.891573  0.845290  0.815400  0.935766  0.487289  0.626398  0.516943   \n",
      "15274  0.304403  0.512813  0.659011  0.052462  0.895616  0.905667  0.890676   \n",
      "15275  0.593235  0.630611  0.677759  0.244511  0.836802  0.827038  0.811294   \n",
      "15276  0.938668  0.866665  0.770115  0.949930  0.377078  0.526478  0.435775   \n",
      "15277  0.661209  0.722518  0.735378  0.606617  0.819345  0.789916  0.757873   \n",
      "15278  0.588340  0.724075  0.739400  0.673487  0.774398  0.774402  0.779063   \n",
      "15279  0.959958  0.856239  0.793256  0.950808  0.486585  0.527389  0.520323   \n",
      "15280  0.856239  0.939826  0.788158  0.920390  0.576620  0.556950  0.640557   \n",
      "15281  0.793256  0.788158  0.909023  0.807509  0.773001  0.722520  0.650621   \n",
      "15282  0.950808  0.920390  0.807509  0.984516  0.219147  0.324716  0.386547   \n",
      "15283  0.486585  0.576620  0.773001  0.219147  0.967084  0.892588  0.817099   \n",
      "15284  0.527389  0.556950  0.722520  0.324716  0.892588  0.951873  0.859221   \n",
      "15285  0.520323  0.640557  0.650621  0.386547  0.817099  0.859221  0.955700   \n",
      "15286  0.591257  0.635286  0.710873  0.494568  0.835500  0.854813  0.848167   \n",
      "15287  0.891230  0.826436  0.797246  0.926939  0.447342  0.489017  0.491109   \n",
      "15288  0.488701  0.493582  0.691293  0.285660  0.868314  0.844964  0.861396   \n",
      "15289  0.412152  0.665140  0.690137  0.345393  0.860670  0.867683  0.842730   \n",
      "15290  0.957072  0.901141  0.816127  0.978653  0.029230  0.155582  0.253359   \n",
      "15291  0.441763  0.623582  0.702937  0.406417  0.863443  0.833162  0.811601   \n",
      "15292  0.495600  0.623668  0.626548  0.415671  0.838488  0.821814  0.881346   \n",
      "15293  0.966779  0.868016  0.741261  0.917794  0.511172  0.500316  0.548664   \n",
      "15294  0.868016  0.914826  0.778208  0.842114  0.629731  0.615440  0.701448   \n",
      "15295  0.741261  0.778208  0.894865  0.693172  0.747070  0.781719  0.754862   \n",
      "15296  0.917794  0.842114  0.693172  0.974363  0.588730  0.364129  0.636353   \n",
      "15297  0.511172  0.629731  0.747070  0.588730  0.920737  0.818212  0.801600   \n",
      "15298  0.500316  0.615440  0.781719  0.364129  0.818212  0.954428  0.839944   \n",
      "15299  0.548664  0.701448  0.754862  0.636353  0.801600  0.839944  0.933084   \n",
      "15300  0.454488  0.613828  0.728618  0.589739  0.837097  0.852196  0.868459   \n",
      "15301  0.934545  0.863421  0.687587  0.943385  0.585859  0.394391  0.608724   \n",
      "15302  0.435709  0.622156  0.758443  0.401385  0.824317  0.838854  0.701390   \n",
      "15303  0.490878  0.615230  0.759609  0.256651  0.819177  0.873590  0.769692   \n",
      "15304  0.930829  0.871793  0.588285  0.954530  0.532414  0.266895  0.531451   \n",
      "15305  0.617770  0.722725  0.786631  0.583361  0.826667  0.817394  0.775985   \n",
      "15306  0.611874  0.627608  0.817606  0.535897  0.817554  0.856791  0.819902   \n",
      "15307  0.952625  0.829576  0.767571  0.879023  0.634442  0.689456  0.641344   \n",
      "15308  0.829576  0.893420  0.783636  0.843675  0.681909  0.652195  0.680203   \n",
      "15309  0.767571  0.783636  0.927056  0.754689  0.757659  0.716076  0.733443   \n",
      "15310  0.879023  0.843675  0.754689  0.980090  0.564962  0.522108  0.561887   \n",
      "15311  0.634442  0.681909  0.757659  0.564962  0.942277  0.817175  0.840635   \n",
      "15312  0.689456  0.652195  0.716076  0.522108  0.817175  0.944770  0.828230   \n",
      "15313  0.641344  0.680203  0.733443  0.561887  0.840635  0.828230  0.932466   \n",
      "15314  0.659789  0.711767  0.717912  0.483865  0.807422  0.846095  0.843932   \n",
      "15315  0.884431  0.858038  0.781992  0.908947  0.559238  0.485327  0.516991   \n",
      "15316  0.521523  0.521964  0.731260  0.445073  0.759217  0.817459  0.778110   \n",
      "15317  0.398314  0.655853  0.707389  0.386428  0.807213  0.801468  0.744824   \n",
      "15318  0.859708  0.860212  0.686293  0.948513  0.452507  0.434996  0.472505   \n",
      "15319  0.676615  0.720628  0.695445  0.594715  0.812784  0.824262  0.824556   \n",
      "15320  0.681563  0.690168  0.727957  0.620218  0.807426  0.790766  0.832989   \n",
      "15321  0.938190  0.816267  0.792349  0.901263  0.644323  0.623940  0.649558   \n",
      "15322  0.816267  0.923145  0.719355  0.835444  0.685959  0.688317  0.706947   \n",
      "15323  0.792349  0.719355  0.896800  0.756862  0.755272  0.758132  0.765551   \n",
      "15324  0.901263  0.835444  0.756862  0.974250  0.561088  0.604369  0.571521   \n",
      "15325  0.644323  0.685959  0.755272  0.561088  0.923267  0.800407  0.824229   \n",
      "15326  0.623940  0.688317  0.758132  0.604369  0.800407  0.913114  0.846030   \n",
      "15327  0.649558  0.706947  0.765551  0.571521  0.824229  0.846030  0.924663   \n",
      "15328  0.555638  0.662479  0.743131  0.540487  0.839269  0.846217  0.803907   \n",
      "15329  0.889630  0.835620  0.771145  0.928285  0.568094  0.614470  0.653034   \n",
      "15330  0.531285  0.700112  0.706154  0.489613  0.789973  0.803370  0.754394   \n",
      "15331  0.523222  0.643985  0.632667  0.398049  0.758926  0.726966  0.721389   \n",
      "15332  0.922054  0.804618  0.755956  0.901658  0.537888  0.359941  0.534582   \n",
      "15333  0.612276  0.722486  0.741177  0.611328  0.801668  0.815613  0.814804   \n",
      "15334  0.602034  0.683485  0.760655  0.567247  0.822820  0.845661  0.792947   \n",
      "15335  0.950613  0.847799  0.804119  0.922242  0.594108  0.577864  0.594838   \n",
      "15336  0.847799  0.898571  0.802664  0.861066  0.710014  0.693422  0.685061   \n",
      "15337  0.804119  0.802664  0.889543  0.797921  0.754821  0.745280  0.747539   \n",
      "15338  0.922242  0.861066  0.797921  0.969321  0.561321  0.479425  0.546577   \n",
      "15339  0.594108  0.710014  0.754821  0.561321  0.916919  0.828623  0.804884   \n",
      "15340  0.577864  0.693422  0.745280  0.479425  0.828623  0.930345  0.843233   \n",
      "15341  0.594838  0.685061  0.747539  0.546577  0.804884  0.843233  0.927341   \n",
      "15342  0.526765  0.654510  0.741924  0.503831  0.843991  0.840496  0.879525   \n",
      "15343  0.904050  0.862543  0.797677  0.933746  0.615281  0.525777  0.613584   \n",
      "15344  0.505915  0.554992  0.715573  0.434309  0.793771  0.818744  0.767757   \n",
      "15345  0.468443  0.534224  0.601005  0.387111  0.769080  0.827011  0.744631   \n",
      "15346  0.897427  0.810558  0.708871  0.931209  0.397204  0.327956  0.393757   \n",
      "15347  0.645716  0.720672  0.709461  0.557882  0.830365  0.851015  0.834912   \n",
      "15348  0.638657  0.717753  0.722883  0.596856  0.841801  0.819565  0.828764   \n",
      "15349  0.948132  0.802975  0.727069  0.927646  0.649362  0.599042  0.623085   \n",
      "15350  0.802975  0.914455  0.810050  0.811682  0.733963  0.690785  0.755214   \n",
      "15351  0.727069  0.810050  0.899517  0.780178  0.754668  0.772570  0.755595   \n",
      "15352  0.927646  0.811682  0.780178  0.984416  0.513359  0.483520  0.541463   \n",
      "15353  0.649362  0.733963  0.754668  0.513359  0.916136  0.842449  0.819015   \n",
      "15354  0.599042  0.690785  0.772570  0.483520  0.842449  0.918536  0.815937   \n",
      "15355  0.623085  0.755214  0.755595  0.541463  0.819015  0.815937  0.948526   \n",
      "15356  0.597150  0.767062  0.720232  0.548991  0.828736  0.819700  0.843699   \n",
      "15357  0.880673  0.784908  0.751727  0.927315  0.511195  0.552889  0.544778   \n",
      "15358  0.461054  0.615317  0.689034  0.298162  0.810341  0.820738  0.746957   \n",
      "15359  0.544835  0.598994  0.685421  0.451638  0.786543  0.767037  0.697509   \n",
      "15360  0.919394  0.774168  0.670156  0.948267  0.393465  0.446875  0.563063   \n",
      "15361  0.668501  0.720888  0.782775  0.576163  0.829456  0.826942  0.758696   \n",
      "15362  0.601826  0.699852  0.750483  0.426956  0.834274  0.858810  0.827406   \n",
      "15363  0.954799  0.820118  0.800897  0.911677  0.626019  0.622285  0.546426   \n",
      "15364  0.820118  0.902776  0.780416  0.852073  0.697799  0.707609  0.655619   \n",
      "15365  0.800897  0.780416  0.924222  0.770234  0.735452  0.736555  0.773189   \n",
      "15366  0.911677  0.852073  0.770234  0.973086  0.569409  0.456146  0.467218   \n",
      "15367  0.626019  0.697799  0.735452  0.569409  0.929152  0.808871  0.835386   \n",
      "15368  0.622285  0.707609  0.736555  0.456146  0.808871  0.936538  0.847280   \n",
      "15369  0.546426  0.655619  0.773189  0.467218  0.835386  0.847280  0.956554   \n",
      "15370  0.443201  0.664611  0.735145  0.260519  0.867231  0.877599  0.872892   \n",
      "15371  0.886279  0.821307  0.812840  0.914968  0.610472  0.588160  0.543221   \n",
      "15372  0.554789  0.626193  0.559940  0.536291  0.781767  0.792786  0.764475   \n",
      "15373  0.629647  0.677618  0.616770  0.594012  0.750814  0.742615  0.713691   \n",
      "15374  0.911485  0.824905  0.691754  0.963295  0.440475  0.282436  0.274522   \n",
      "15375  0.586736  0.707982  0.762433  0.523497  0.797214  0.829410  0.845719   \n",
      "15376  0.604849  0.722277  0.757330  0.534213  0.828761  0.849922  0.854162   \n",
      "15377  0.960433  0.822304  0.725042  0.889660  0.612802  0.521923  0.594577   \n",
      "15378  0.822304  0.956538  0.739393  0.880986  0.674484  0.674775  0.663637   \n",
      "15379  0.725042  0.739393  0.929010  0.719285  0.719426  0.750669  0.746972   \n",
      "15380  0.889660  0.880986  0.719285  0.981704  0.593947  0.453362  0.525604   \n",
      "15381  0.612802  0.674484  0.719426  0.593947  0.901134  0.853649  0.835505   \n",
      "15382  0.521923  0.674775  0.750669  0.453362  0.853649  0.935661  0.859791   \n",
      "15383  0.594577  0.663637  0.746972  0.525604  0.835505  0.859791  0.937094   \n",
      "15384  0.601123  0.634456  0.745360  0.534783  0.825839  0.835669  0.854814   \n",
      "15385  0.891341  0.822956  0.772920  0.885746  0.675882  0.600349  0.587080   \n",
      "15386  0.531508  0.456404  0.739686  0.461115  0.775147  0.770260  0.752530   \n",
      "15387  0.649306  0.666281  0.693352  0.560322  0.724591  0.764521  0.754443   \n",
      "15388  0.903303  0.850457  0.782870  0.929968  0.526147  0.364468  0.386469   \n",
      "15389  0.660425  0.710176  0.720827  0.612683  0.817494  0.851012  0.821400   \n",
      "15390  0.611875  0.643417  0.729363  0.543699  0.833375  0.844494  0.846065   \n",
      "15391  0.951761  0.855092  0.771735  0.910535  0.640668  0.566233  0.626359   \n",
      "15392  0.855092  0.916776  0.756953  0.859339  0.685200  0.681399  0.715465   \n",
      "15393  0.771735  0.756953  0.890831  0.780490  0.739134  0.740634  0.730372   \n",
      "15394  0.910535  0.859339  0.780490  0.968698  0.538584  0.532789  0.653606   \n",
      "15395  0.640668  0.685200  0.739134  0.538584  0.914012  0.847103  0.814415   \n",
      "15396  0.566233  0.681399  0.740634  0.532789  0.847103  0.923879  0.832251   \n",
      "15397  0.626359  0.715465  0.730372  0.653606  0.814415  0.832251  0.916087   \n",
      "15398  0.484698  0.661003  0.771933  0.455262  0.854158  0.862361  0.831071   \n",
      "15399  0.874319  0.815320  0.772623  0.909432  0.557652  0.506104  0.613695   \n",
      "15400  0.505665  0.683415  0.628466  0.449935  0.744684  0.751459  0.742013   \n",
      "15401  0.629308  0.598110  0.629582  0.481764  0.758066  0.786565  0.712353   \n",
      "15402  0.918241  0.821183  0.801839  0.937192  0.547411  0.450301  0.612145   \n",
      "15403  0.645283  0.674970  0.785226  0.619066  0.821583  0.834485  0.778978   \n",
      "15404  0.545109  0.687270  0.746477  0.508964  0.846625  0.863986  0.830646   \n",
      "15405  0.956097  0.849094  0.750283  0.894948  0.631510  0.618542  0.592290   \n",
      "15406  0.849094  0.934410  0.763431  0.827692  0.666667  0.694633  0.738280   \n",
      "15407  0.750283  0.763431  0.945066  0.817294  0.701415  0.725343  0.705662   \n",
      "15408  0.894948  0.827692  0.817294  0.986386  0.447275  0.482874  0.465158   \n",
      "15409  0.631510  0.666667  0.701415  0.447275  0.922105  0.855523  0.838220   \n",
      "15410  0.618542  0.694633  0.725343  0.482874  0.855523  0.929984  0.843235   \n",
      "15411  0.592290  0.738280  0.705662  0.465158  0.838220  0.843235  0.941264   \n",
      "15412  0.533327  0.661513  0.688486  0.476591  0.839330  0.862636  0.853552   \n",
      "15413  0.883466  0.805862  0.755282  0.914197  0.571186  0.552007  0.536254   \n",
      "15414  0.595569  0.561174  0.731087  0.572044  0.815460  0.761403  0.749491   \n",
      "15415  0.596951  0.678881  0.708081  0.518370  0.782404  0.764185  0.803939   \n",
      "15416  0.922082  0.835020  0.710076  0.968260  0.324492  0.386316  0.316632   \n",
      "15417  0.565070  0.684392  0.736811  0.414679  0.859575  0.831386  0.839500   \n",
      "15418  0.556794  0.675421  0.708426  0.362644  0.858798  0.851011  0.854090   \n",
      "15419  0.955286  0.829562  0.776740  0.860513  0.636318  0.654660  0.619910   \n",
      "15420  0.829562  0.920560  0.779069  0.826283  0.685871  0.704830  0.758979   \n",
      "15421  0.776740  0.779069  0.904277  0.800577  0.784246  0.752261  0.754326   \n",
      "15422  0.860513  0.826283  0.800577  0.963976  0.653382  0.669431  0.569339   \n",
      "15423  0.636318  0.685871  0.784246  0.653382  0.915503  0.800809  0.794104   \n",
      "15424  0.654660  0.704830  0.752261  0.669431  0.800809  0.922633  0.795622   \n",
      "15425  0.619910  0.758979  0.754326  0.569339  0.794104  0.795622  0.934514   \n",
      "15426  0.604021  0.628993  0.746492  0.559501  0.818121  0.834451  0.828803   \n",
      "15427  0.863841  0.785930  0.769626  0.891352  0.680036  0.599257  0.664624   \n",
      "15428  0.559867  0.611859  0.632277  0.498016  0.758567  0.736679  0.719074   \n",
      "15429  0.555814  0.595186  0.657321  0.503384  0.782592  0.737124  0.679634   \n",
      "15430  0.905387  0.817144  0.668711  0.928129  0.454205  0.538694  0.525823   \n",
      "15431  0.658452  0.757734  0.756164  0.586460  0.795441  0.805686  0.838614   \n",
      "15432  0.617492  0.703869  0.747635  0.544313  0.829935  0.829006  0.836168   \n",
      "15433  0.949244  0.851710  0.738597  0.887736  0.646152  0.665015  0.646530   \n",
      "15434  0.851710  0.913124  0.753469  0.839629  0.705607  0.737547  0.680080   \n",
      "15435  0.738597  0.753469  0.905017  0.738680  0.767688  0.742788  0.765289   \n",
      "15436  0.887736  0.839629  0.738680  0.968076  0.600912  0.666468  0.595021   \n",
      "15437  0.646152  0.705607  0.767688  0.600912  0.897693  0.835830  0.841966   \n",
      "15438  0.665015  0.737547  0.742788  0.666468  0.835830  0.905237  0.808347   \n",
      "15439  0.646530  0.680080  0.765289  0.595021  0.841966  0.808347  0.938923   \n",
      "15440  0.631204  0.688760  0.760073  0.558519  0.827120  0.824714  0.836840   \n",
      "15441  0.867873  0.819573  0.752934  0.881731  0.603793  0.669237  0.644076   \n",
      "15442  0.538528  0.626367  0.688349  0.551158  0.755937  0.715001  0.694231   \n",
      "15443  0.527980  0.596511  0.662360  0.521461  0.703880  0.664710  0.595196   \n",
      "15444  0.875746  0.788955  0.775495  0.911695  0.547032  0.525764  0.578687   \n",
      "15445  0.658012  0.710332  0.756452  0.626058  0.836810  0.829688  0.820098   \n",
      "15446  0.648955  0.727589  0.750568  0.578862  0.819314  0.830124  0.840429   \n",
      "15447  0.934870  0.834715  0.733917  0.881495  0.621299  0.652282  0.663430   \n",
      "15448  0.834715  0.923100  0.739967  0.813216  0.697386  0.703662  0.751634   \n",
      "15449  0.733917  0.739967  0.912015  0.749065  0.780574  0.769850  0.795525   \n",
      "15450  0.881495  0.813216  0.749065  0.959097  0.560643  0.617559  0.616632   \n",
      "15451  0.621299  0.697386  0.780574  0.560643  0.924954  0.828403  0.832421   \n",
      "15452  0.652282  0.703662  0.769850  0.617559  0.828403  0.914599  0.818731   \n",
      "15453  0.663430  0.751634  0.795525  0.616632  0.832421  0.818731  0.941019   \n",
      "15454  0.642179  0.677235  0.782682  0.547439  0.853158  0.843047  0.834583   \n",
      "15455  0.840307  0.819208  0.781378  0.877816  0.643361  0.697646  0.681852   \n",
      "15456  0.575119  0.597658  0.664587  0.543074  0.727939  0.720953  0.672575   \n",
      "15457  0.591641  0.612811  0.638152  0.551605  0.641890  0.621872  0.617440   \n",
      "15458  0.911535  0.820833  0.639237  0.937387  0.458974  0.461338  0.501832   \n",
      "15459  0.687081  0.730910  0.752306  0.667105  0.834106  0.837716  0.779784   \n",
      "15460  0.636628  0.704264  0.776124  0.614989  0.856517  0.835980  0.808842   \n",
      "15461  0.929757  0.821820  0.808845  0.880212  0.720395  0.641352  0.701314   \n",
      "15462  0.821820  0.912492  0.783136  0.825519  0.731541  0.705504  0.738758   \n",
      "15463  0.808845  0.783136  0.900340  0.773939  0.770994  0.738432  0.769185   \n",
      "15464  0.880212  0.825519  0.773939  0.967561  0.640168  0.594367  0.688125   \n",
      "15465  0.720395  0.731541  0.770994  0.640168  0.871784  0.815812  0.807670   \n",
      "15466  0.641352  0.705504  0.738432  0.594367  0.815812  0.914717  0.833099   \n",
      "15467  0.701314  0.738758  0.769185  0.688125  0.807670  0.833099  0.935018   \n",
      "15468  0.642508  0.702851  0.747484  0.594318  0.816341  0.835136  0.815627   \n",
      "15469  0.856834  0.810278  0.791998  0.893527  0.692479  0.631388  0.700823   \n",
      "15470  0.484460  0.573830  0.544918  0.365079  0.691402  0.708229  0.519447   \n",
      "15471  0.538328  0.560104  0.615180  0.503076  0.695077  0.706562  0.501723   \n",
      "15472  0.844907  0.812130  0.779540  0.896252  0.603545  0.543609  0.651661   \n",
      "15473  0.692820  0.743181  0.737523  0.634709  0.820799  0.829319  0.822767   \n",
      "15474  0.680971  0.718422  0.733969  0.593282  0.828399  0.852965  0.819111   \n",
      "15475  0.942367  0.790674  0.748754  0.882895  0.700373  0.717574  0.666062   \n",
      "15476  0.790674  0.919810  0.801848  0.839671  0.731225  0.733299  0.705422   \n",
      "15477  0.748754  0.801848  0.886330  0.731634  0.774817  0.791829  0.753193   \n",
      "15478  0.882895  0.839671  0.731634  0.989161  0.614709  0.640360  0.538396   \n",
      "15479  0.700373  0.731225  0.774817  0.614709  0.887982  0.774786  0.832497   \n",
      "15480  0.717574  0.733299  0.791829  0.640360  0.774786  0.898819  0.789935   \n",
      "15481  0.666062  0.705422  0.753193  0.538396  0.832497  0.789935  0.938267   \n",
      "15482  0.663072  0.688677  0.765999  0.567716  0.805261  0.800618  0.830616   \n",
      "15483  0.853352  0.780576  0.719731  0.846619  0.703879  0.733704  0.700032   \n",
      "15484  0.542634  0.599372  0.679679  0.523814  0.727293  0.680449  0.715323   \n",
      "15485  0.559419  0.595428  0.616561  0.519242  0.711147  0.685205  0.640587   \n",
      "15486  0.861076  0.800663  0.724057  0.858682  0.626947  0.687438  0.607206   \n",
      "15487  0.676976  0.732689  0.759516  0.578051  0.808413  0.790516  0.820784   \n",
      "15488  0.654004  0.737764  0.801131  0.612813  0.808456  0.795449  0.806834   \n",
      "15489  0.961413  0.814559  0.784901  0.867106  0.594565  0.561740  0.649318   \n",
      "15490  0.814559  0.936915  0.787356  0.792853  0.719412  0.688314  0.715403   \n",
      "15491  0.784901  0.787356  0.906341  0.751359  0.745444  0.768116  0.764947   \n",
      "15492  0.867106  0.792853  0.751359  0.987154  0.407745  0.513213  0.567326   \n",
      "15493  0.594565  0.719412  0.745444  0.407745  0.930703  0.861713  0.854695   \n",
      "15494  0.561740  0.688314  0.768116  0.513213  0.861713  0.934461  0.830170   \n",
      "15495  0.649318  0.715403  0.764947  0.567326  0.854695  0.830170  0.930221   \n",
      "15496  0.541597  0.678381  0.733093  0.448427  0.868282  0.870714  0.844164   \n",
      "15497  0.861529  0.790521  0.772618  0.903832  0.514293  0.554673  0.582135   \n",
      "15498  0.602647  0.655898  0.617639  0.572693  0.745098  0.724206  0.694639   \n",
      "15499  0.636089  0.612795  0.656517  0.538722  0.767515  0.754094  0.659854   \n",
      "15500  0.895180  0.836710  0.737909  0.944768  0.365107  0.393726  0.530012   \n",
      "15501  0.671767  0.723796  0.732830  0.586352  0.828602  0.822738  0.820193   \n",
      "15502  0.616745  0.661949  0.775633  0.566122  0.851522  0.835378  0.835724   \n",
      "15503  0.960395  0.853096  0.761660  0.896324  0.664212  0.623799  0.654838   \n",
      "15504  0.853096  0.950602  0.731622  0.837989  0.681386  0.672378  0.698068   \n",
      "15505  0.761660  0.731622  0.901666  0.757486  0.765674  0.760250  0.785004   \n",
      "15506  0.896324  0.837989  0.757486  0.985769  0.603620  0.554924  0.570182   \n",
      "15507  0.664212  0.681386  0.765674  0.603620  0.898300  0.830165  0.839946   \n",
      "15508  0.623799  0.672378  0.760250  0.554924  0.830165  0.916204  0.805802   \n",
      "15509  0.654838  0.698068  0.785004  0.570182  0.839946  0.805802  0.940514   \n",
      "15510  0.606635  0.671140  0.762020  0.563642  0.825313  0.853066  0.824808   \n",
      "15511  0.807621  0.776099  0.748662  0.849923  0.676138  0.634708  0.675950   \n",
      "15512  0.563986  0.644919  0.644828  0.474529  0.709278  0.771934  0.664042   \n",
      "15513  0.592763  0.731168  0.633919  0.578677  0.720084  0.721081  0.567538   \n",
      "15514  0.871825  0.749236  0.740308  0.872695  0.571743  0.559385  0.597902   \n",
      "15515  0.648209  0.692751  0.776320  0.608711  0.811423  0.809364  0.821106   \n",
      "15516  0.624926  0.673686  0.771146  0.573624  0.823260  0.842181  0.835229   \n",
      "15517  0.922238  0.803654  0.779901  0.839674  0.718172  0.686999  0.698782   \n",
      "15518  0.803654  0.924575  0.746689  0.798370  0.749337  0.725952  0.706032   \n",
      "15519  0.779901  0.746689  0.914453  0.737715  0.757842  0.763492  0.767630   \n",
      "15520  0.839674  0.798370  0.737715  0.986270  0.634475  0.609381  0.562240   \n",
      "15521  0.718172  0.749337  0.757842  0.634475  0.884474  0.829184  0.787375   \n",
      "15522  0.686999  0.725952  0.763492  0.609381  0.829184  0.907152  0.783463   \n",
      "15523  0.698782  0.706032  0.767630  0.562240  0.787375  0.783463  0.971696   \n",
      "15524  0.686074  0.707132  0.737541  0.549627  0.833143  0.835069  0.802762   \n",
      "15525  0.803500  0.769819  0.714160  0.822168  0.739467  0.704598  0.709455   \n",
      "15526  0.634253  0.656023  0.694908  0.565826  0.709800  0.718965  0.624411   \n",
      "15527  0.637792  0.629020  0.707785  0.651047  0.668111  0.702058  0.591063   \n",
      "15528  0.819769  0.828855  0.703213  0.901561  0.610014  0.556767  0.543452   \n",
      "15529  0.710793  0.717005  0.773688  0.643592  0.796017  0.794834  0.828417   \n",
      "15530  0.693599  0.709003  0.749419  0.571859  0.789610  0.827307  0.787659   \n",
      "15531  0.951648  0.810562  0.771970  0.879514  0.691090  0.685462  0.665015   \n",
      "15532  0.810562  0.945932  0.777240  0.810204  0.725526  0.714146  0.705378   \n",
      "15533  0.771970  0.777240  0.905145  0.758787  0.778001  0.764565  0.761719   \n",
      "15534  0.879514  0.810204  0.758787  0.984175  0.582696  0.586553  0.586244   \n",
      "15535  0.691090  0.725526  0.778001  0.582696  0.893732  0.832146  0.804379   \n",
      "15536  0.685462  0.714146  0.764565  0.586553  0.832146  0.899411  0.825568   \n",
      "15537  0.665015  0.705378  0.761719  0.586244  0.804379  0.825568  0.944023   \n",
      "15538  0.671992  0.697645  0.745119  0.566896  0.819130  0.839215  0.835483   \n",
      "15539  0.834552  0.795865  0.779174  0.828344  0.718456  0.682803  0.732187   \n",
      "15540  0.587295  0.615327  0.601776  0.535762  0.770209  0.750460  0.708820   \n",
      "15541  0.563880  0.541056  0.633308  0.603252  0.675585  0.676522  0.554592   \n",
      "15542  0.797392  0.815915  0.748716  0.905465  0.506533  0.494296  0.556101   \n",
      "15543  0.699695  0.714448  0.750562  0.569047  0.823588  0.821826  0.792581   \n",
      "15544  0.673900  0.707387  0.751344  0.597392  0.811734  0.826827  0.833395   \n",
      "15545  0.970139  0.821886  0.757930  0.864771  0.598653  0.639201  0.640449   \n",
      "15546  0.821886  0.921861  0.776395  0.849949  0.699488  0.703182  0.678025   \n",
      "15547  0.757930  0.776395  0.893431  0.707903  0.780935  0.737799  0.763424   \n",
      "15548  0.864771  0.849949  0.707903  0.980705  0.585325  0.645869  0.559462   \n",
      "15549  0.598653  0.699488  0.780935  0.585325  0.917450  0.822170  0.805155   \n",
      "15550  0.639201  0.703182  0.737799  0.645869  0.822170  0.923565  0.801712   \n",
      "15551  0.640449  0.678025  0.763424  0.559462  0.805155  0.801712  0.974444   \n",
      "15552  0.615713  0.696675  0.740545  0.592301  0.837172  0.837515  0.819646   \n",
      "15553  0.811141  0.799777  0.772700  0.833204  0.664481  0.717157  0.674618   \n",
      "15554  0.624665  0.614538  0.708589  0.597285  0.747393  0.689393  0.662210   \n",
      "15555  0.626001  0.664394  0.623710  0.628868  0.688199  0.688716  0.641508   \n",
      "15556  0.847042  0.780064  0.750793  0.859332  0.630722  0.636100  0.546126   \n",
      "15557  0.663278  0.724232  0.783845  0.652645  0.808358  0.795785  0.784338   \n",
      "15558  0.671411  0.725940  0.761912  0.633248  0.824453  0.797254  0.807540   \n",
      "15559  0.965991  0.834327  0.722694  0.853568  0.640180  0.684143  0.657915   \n",
      "15560  0.834327  0.942136  0.770706  0.855092  0.668877  0.628016  0.651485   \n",
      "15561  0.722694  0.770706  0.909986  0.749292  0.760523  0.768902  0.759141   \n",
      "15562  0.853568  0.855092  0.749292  0.991334  0.536007  0.467917  0.492439   \n",
      "15563  0.640180  0.668877  0.760523  0.536007  0.903408  0.824798  0.802875   \n",
      "15564  0.684143  0.628016  0.768902  0.467917  0.824798  0.928937  0.841430   \n",
      "15565  0.657915  0.651485  0.759141  0.492439  0.802875  0.841430  0.945069   \n",
      "15566  0.608486  0.669834  0.746616  0.409677  0.828039  0.848084  0.851786   \n",
      "15567  0.835410  0.779723  0.710544  0.841988  0.706788  0.663385  0.734019   \n",
      "15568  0.631355  0.671176  0.708573  0.627998  0.775396  0.724523  0.711308   \n",
      "15569  0.674192  0.683015  0.681768  0.609772  0.752640  0.738899  0.665123   \n",
      "15570  0.813071  0.855722  0.737121  0.940775  0.546785  0.424314  0.533225   \n",
      "15571  0.656008  0.661454  0.760272  0.533154  0.822179  0.837286  0.820570   \n",
      "15572  0.646146  0.664222  0.769945  0.522705  0.832948  0.839616  0.789746   \n",
      "15573  0.960021  0.811759  0.749154  0.907358  0.647797  0.664070  0.596574   \n",
      "15574  0.811759  0.949421  0.706969  0.844810  0.673517  0.724690  0.716962   \n",
      "15575  0.749154  0.706969  0.928243  0.690588  0.767667  0.761265  0.732874   \n",
      "15576  0.907358  0.844810  0.690588  0.988382  0.507699  0.636968  0.495194   \n",
      "15577  0.647797  0.673517  0.767667  0.507699  0.911902  0.810837  0.842996   \n",
      "15578  0.664070  0.724690  0.761265  0.636968  0.810837  0.910179  0.842273   \n",
      "15579  0.596574  0.716962  0.732874  0.495194  0.842996  0.842273  0.951917   \n",
      "15580  0.630676  0.682988  0.747962  0.529719  0.860277  0.820781  0.820760   \n",
      "15581  0.828169  0.764883  0.771714  0.808624  0.704667  0.698560  0.675133   \n",
      "15582  0.591827  0.711464  0.680931  0.568763  0.742342  0.712691  0.681396   \n",
      "15583  0.603539  0.615143  0.721208  0.680146  0.667370  0.661862  0.611439   \n",
      "15584  0.843066  0.762062  0.734538  0.889418  0.613757  0.597304  0.566985   \n",
      "15585  0.675504  0.716941  0.764283  0.601349  0.802626  0.817990  0.836922   \n",
      "15586  0.654345  0.716578  0.766013  0.543570  0.819312  0.792471  0.836622   \n",
      "15587  0.956256  0.802939  0.740171  0.869004  0.692195  0.665293  0.686686   \n",
      "15588  0.802939  0.926529  0.778779  0.836477  0.722673  0.717496  0.715628   \n",
      "15589  0.740171  0.778779  0.917586  0.773157  0.747115  0.778558  0.753588   \n",
      "15590  0.869004  0.836477  0.773157  0.952320  0.638322  0.648964  0.670027   \n",
      "15591  0.692195  0.722673  0.747115  0.638322  0.878223  0.828131  0.816144   \n",
      "15592  0.665293  0.717496  0.778558  0.648964  0.828131  0.891439  0.814665   \n",
      "15593  0.686686  0.715628  0.753588  0.670027  0.816144  0.814665  0.919830   \n",
      "15594  0.675091  0.718779  0.774087  0.639139  0.831164  0.828864  0.816499   \n",
      "15595  0.842320  0.759409  0.764967  0.849941  0.697844  0.685424  0.695242   \n",
      "15596  0.592235  0.611109  0.620564  0.568560  0.767443  0.747039  0.733212   \n",
      "15597  0.516188  0.603247  0.622577  0.477537  0.678520  0.676425  0.619424   \n",
      "15598  0.832337  0.816264  0.705314  0.882862  0.548850  0.538221  0.502514   \n",
      "15599  0.700945  0.716094  0.775174  0.671135  0.812567  0.803874  0.822690   \n",
      "15600  0.674046  0.717841  0.754385  0.653657  0.818054  0.830754  0.827791   \n",
      "15601  0.967486  0.835083  0.776105  0.867495  0.638747  0.646519  0.659065   \n",
      "15602  0.835083  0.913801  0.723099  0.853787  0.732803  0.717622  0.709824   \n",
      "15603  0.776105  0.723099  0.929705  0.695261  0.760350  0.766472  0.762756   \n",
      "15604  0.867495  0.853787  0.695261  0.990356  0.552158  0.585794  0.537647   \n",
      "15605  0.638747  0.732803  0.760350  0.552158  0.895407  0.833025  0.820083   \n",
      "15606  0.646519  0.717622  0.766472  0.585794  0.833025  0.888467  0.815601   \n",
      "15607  0.659065  0.709824  0.762756  0.537647  0.820083  0.815601  0.930308   \n",
      "15608  0.634383  0.694718  0.758398  0.541508  0.827188  0.838286  0.837497   \n",
      "15609  0.815041  0.783874  0.742466  0.846591  0.715060  0.661258  0.689452   \n",
      "15610  0.554077  0.628080  0.714838  0.557303  0.763145  0.749082  0.717818   \n",
      "15611  0.678550  0.650259  0.658404  0.652781  0.672669  0.725257  0.645254   \n",
      "15612  0.811882  0.776282  0.688802  0.852640  0.539748  0.596269  0.559168   \n",
      "15613  0.651212  0.741270  0.752945  0.594556  0.824091  0.800031  0.832235   \n",
      "15614  0.654785  0.714505  0.778565  0.615060  0.826496  0.829586  0.826782   \n",
      "15615  0.970408  0.799587  0.761962  0.885149  0.602534  0.594893  0.608562   \n",
      "15616  0.799587  0.956804  0.744867  0.809209  0.662624  0.679231  0.685121   \n",
      "15617  0.761962  0.744867  0.902072  0.677340  0.767917  0.763122  0.761956   \n",
      "15618  0.885149  0.809209  0.677340  0.992162  0.504952  0.497641  0.540475   \n",
      "15619  0.602534  0.662624  0.767917  0.504952  0.914725  0.849643  0.844037   \n",
      "15620  0.594893  0.679231  0.763122  0.497641  0.849643  0.911554  0.847234   \n",
      "15621  0.608562  0.685121  0.761956  0.540475  0.844037  0.847234  0.950251   \n",
