INFO:root:Variances Dataframe:
INFO:root:          0         1         2         3         4         5   ...        8         9         10        11        12        13
0   0.000006  0.000701  0.000629  0.000127  0.015319  0.071842  ...  0.000562  0.013410  0.027119  0.000068  0.006283  0.069620
1   0.000701  0.000548  0.000109  0.000938  0.013418  0.059871  ...  0.000169  0.003384  0.022740  0.000372  0.003009  0.001802
2   0.000629  0.000109  0.000902  0.000420  0.001075  0.000289  ...  0.000697  0.001397  0.000789  0.000526  0.000583  0.002215
3   0.000127  0.000938  0.000420  0.000069  0.004240  0.058074  ...  0.000053  0.018547  0.034560  0.000016  0.005709  0.028396
4   0.015319  0.013418  0.001075  0.004240  0.000043  0.000494  ...  0.015580  0.000196  0.000661  0.015326  0.001260  0.001896
5   0.071842  0.059871  0.000289  0.058074  0.000494  0.000264  ...  0.027133  0.000803  0.002126  0.119416  0.001462  0.000325
6   0.009817  0.002694  0.001078  0.001520  0.000266  0.000864  ...  0.009469  0.000175  0.001205  0.010004  0.000361  0.004097
7   0.043144  0.002358  0.003200  0.015440  0.000890  0.000587  ...  0.027758  0.000205  0.000815  0.020155  0.000754  0.001846
8   0.000562  0.000169  0.000697  0.000053  0.015580  0.027133  ...  0.000222  0.003292  0.003058  0.000029  0.004339  0.024253
9   0.013410  0.003384  0.001397  0.018547  0.000196  0.000803  ...  0.003292  0.000353  0.000733  0.018274  0.002929  0.000097
10  0.027119  0.022740  0.000789  0.034560  0.000661  0.002126  ...  0.003058  0.000733  0.000200  0.016349  0.001554  0.002210
11  0.000068  0.000372  0.000526  0.000016  0.015326  0.119416  ...  0.000029  0.018274  0.016349  0.000002  0.002710  0.017067
12  0.006283  0.003009  0.000583  0.005709  0.001260  0.001462  ...  0.004339  0.002929  0.001554  0.002710  0.000255  0.004542
13  0.069620  0.001802  0.002215  0.028396  0.001896  0.000325  ...  0.024253  0.000097  0.002210  0.017067  0.004542  0.000085

[14 rows x 14 columns]
INFO:root:Means Dataframe:
INFO:root:          0         1         2         3         4         5   ...        8         9         10        11        12        13
0   0.991210  0.916711  0.865485  0.960755  0.115792  0.232052  ...  0.964049  0.380381  0.419484  0.977169  0.588740  0.111994
1   0.916711  0.907131  0.790530  0.891569  0.530334  0.467416  ...  0.878243  0.608873  0.568367  0.913693  0.724987  0.640780
2   0.865485  0.790530  0.871913  0.826764  0.584724  0.759330  ...  0.826939  0.668728  0.711654  0.838436  0.752263  0.625170
3   0.960755  0.891569  0.826764  0.981603  0.386817  0.079292  ...  0.956492  0.247731  0.626022  0.978965  0.696696  0.167927
4   0.115792  0.530334  0.584724  0.386817  0.954579  0.852324  ...  0.434039  0.866455  0.840211  0.226935  0.835673  0.902291
5   0.232052  0.467416  0.759330  0.079292  0.852324  0.964289  ...  0.227431  0.902738  0.862950  0.049083  0.755801  0.889204
6   0.097306  0.530564  0.684994  0.279810  0.896959  0.904090  ...  0.301213  0.885620  0.834703  0.088589  0.799110  0.909292
7  -0.126625  0.527998  0.622751 -0.044776  0.914306  0.924067  ...  0.043062  0.927558  0.857039 -0.287212  0.753856  0.945915
8   0.964049  0.878243  0.826939  0.956492  0.434039  0.227431  ...  0.965971  0.369676  0.610517  0.974386  0.712748  0.134760
9   0.380381  0.608873  0.668728  0.247731  0.866455  0.902738  ...  0.369676  0.927990  0.824164  0.092483  0.735374  0.927367
10  0.419484  0.568367  0.711654  0.626022  0.840211  0.862950  ...  0.610517  0.824164  0.914161  0.517417  0.743310  0.798062
11  0.977169  0.913693  0.838436  0.978965  0.226935  0.049083  ...  0.974386  0.092483  0.517417  0.993731  0.779403 -0.186998
12  0.588740  0.724987  0.752263  0.696696  0.835673  0.755801  ...  0.712748  0.735374  0.743310  0.779403  0.908049  0.678185
13  0.111994  0.640780  0.625170  0.167927  0.902291  0.889204  ...  0.134760  0.927367  0.798062 -0.186998  0.678185  0.975432

[14 rows x 14 columns]
INFO:root:Standard Deviations Dataframe:
INFO:root:          0         1         2         3         4         5   ...        8         9         10        11        12        13
0   0.002519  0.026472  0.025075  0.011291  0.123771  0.268034  ...  0.023711  0.115800  0.164678  0.008231  0.079265  0.263856
1   0.026472  0.023413  0.010450  0.030624  0.115838  0.244686  ...  0.013003  0.058173  0.150797  0.019280  0.054852  0.042450
2   0.025075  0.010450  0.030030  0.020489  0.032793  0.016997  ...  0.026392  0.037375  0.028086  0.022928  0.024137  0.047060
3   0.011291  0.030624  0.020489  0.008297  0.065116  0.240985  ...  0.007286  0.136188  0.185903  0.004006  0.075559  0.168512
4   0.123771  0.115838  0.032793  0.065116  0.006579  0.022231  ...  0.124819  0.014018  0.025717  0.123799  0.035492  0.043538
5   0.268034  0.244686  0.016997  0.240985  0.022231  0.016235  ...  0.164722  0.028339  0.046111  0.345567  0.038235  0.018025
6   0.099081  0.051907  0.032834  0.038989  0.016300  0.029400  ...  0.097311  0.013211  0.034711  0.100020  0.018998  0.064009
7   0.207712  0.048560  0.056571  0.124257  0.029840  0.024237  ...  0.166607  0.014316  0.028541  0.141970  0.027457  0.042962
8   0.023711  0.013003  0.026392  0.007286  0.124819  0.164722  ...  0.014896  0.057379  0.055300  0.005367  0.065874  0.155734
9   0.115800  0.058173  0.037375  0.136188  0.014018  0.028339  ...  0.057379  0.018778  0.027067  0.135181  0.054124  0.009842
10  0.164678  0.150797  0.028086  0.185903  0.025717  0.046111  ...  0.055300  0.027067  0.014128  0.127862  0.039419  0.047014
11  0.008231  0.019280  0.022928  0.004006  0.123799  0.345567  ...  0.005367  0.135181  0.127862  0.001362  0.052058  0.130642
12  0.079265  0.054852  0.024137  0.075559  0.035492  0.038235  ...  0.065874  0.054124  0.039419  0.052058  0.015968  0.067398
13  0.263856  0.042450  0.047060  0.168512  0.043538  0.018025  ...  0.155734  0.009842  0.047014  0.130642  0.067398  0.009204

[14 rows x 14 columns]
INFO:root:Variances Dataframe:
INFO:root:          0         1         2         3         4         5   ...        8         9         10        11        12        13
0   0.000006  0.000701  0.000629  0.000127  0.015319  0.071842  ...  0.000562  0.013410  0.027119  0.000068  0.006283  0.069620
1   0.000701  0.000548  0.000109  0.000938  0.013418  0.059871  ...  0.000169  0.003384  0.022740  0.000372  0.003009  0.001802
2   0.000629  0.000109  0.000902  0.000420  0.001075  0.000289  ...  0.000697  0.001397  0.000789  0.000526  0.000583  0.002215
3   0.000127  0.000938  0.000420  0.000069  0.004240  0.058074  ...  0.000053  0.018547  0.034560  0.000016  0.005709  0.028396
4   0.015319  0.013418  0.001075  0.004240  0.000043  0.000494  ...  0.015580  0.000196  0.000661  0.015326  0.001260  0.001896
5   0.071842  0.059871  0.000289  0.058074  0.000494  0.000264  ...  0.027133  0.000803  0.002126  0.119416  0.001462  0.000325
6   0.009817  0.002694  0.001078  0.001520  0.000266  0.000864  ...  0.009469  0.000175  0.001205  0.010004  0.000361  0.004097
7   0.043144  0.002358  0.003200  0.015440  0.000890  0.000587  ...  0.027758  0.000205  0.000815  0.020155  0.000754  0.001846
8   0.000562  0.000169  0.000697  0.000053  0.015580  0.027133  ...  0.000222  0.003292  0.003058  0.000029  0.004339  0.024253
9   0.013410  0.003384  0.001397  0.018547  0.000196  0.000803  ...  0.003292  0.000353  0.000733  0.018274  0.002929  0.000097
10  0.027119  0.022740  0.000789  0.034560  0.000661  0.002126  ...  0.003058  0.000733  0.000200  0.016349  0.001554  0.002210
11  0.000068  0.000372  0.000526  0.000016  0.015326  0.119416  ...  0.000029  0.018274  0.016349  0.000002  0.002710  0.017067
12  0.006283  0.003009  0.000583  0.005709  0.001260  0.001462  ...  0.004339  0.002929  0.001554  0.002710  0.000255  0.004542
13  0.069620  0.001802  0.002215  0.028396  0.001896  0.000325  ...  0.024253  0.000097  0.002210  0.017067  0.004542  0.000085
14  0.000026  0.000858  0.001381  0.000220  0.008217  0.001180  ...  0.000095  0.002635  0.000680  0.000058  0.011741  0.004337
15  0.000858  0.001826  0.000490  0.000213  0.001142  0.001535  ...  0.000187  0.003813  0.002473  0.000126  0.001085  0.001764
16  0.001381  0.000490  0.000567  0.000370  0.000640  0.002431  ...  0.000241  0.003099  0.005826  0.000507  0.002781  0.004539
17  0.000220  0.000213  0.000370  0.000022  0.006537  0.002775  ...  0.000127  0.004579  0.006167  0.000071  0.018680  0.030303
18  0.008217  0.001142  0.000640  0.006537  0.001008  0.000870  ...  0.003233  0.001575  0.000125  0.011850  0.002451  0.004375
19  0.001180  0.001535  0.002431  0.002775  0.000870  0.000056  ...  0.006855  0.000498  0.002888  0.004139  0.000561  0.000261
20  0.018739  0.000698  0.001509  0.047878  0.000991  0.000483  ...  0.034116  0.000255  0.000543  0.013508  0.000587  0.000267
21  0.035764  0.001244  0.006210  0.032151  0.001051  0.000573  ...  0.034144  0.000258  0.001053  0.017656  0.000493  0.000424
22  0.000095  0.000187  0.000241  0.000127  0.003233  0.006855  ...  0.000073  0.017849  0.003923  0.000041  0.048584  0.003072
23  0.002635  0.003813  0.003099  0.004579  0.001575  0.000498  ...  0.017849  0.000149  0.001143  0.011444  0.000398  0.000030
24  0.000680  0.002473  0.005826  0.006167  0.000125  0.002888  ...  0.003923  0.001143  0.000271  0.004271  0.000813  0.016550
25  0.000058  0.000126  0.000507  0.000071  0.011850  0.004139  ...  0.000041  0.011444  0.004271  0.000030  0.024403  0.013956
26  0.011741  0.001085  0.002781  0.018680  0.002451  0.000561  ...  0.048584  0.000398  0.000813  0.024403  0.000150  0.000859
27  0.004337  0.001764  0.004539  0.030303  0.004375  0.000261  ...  0.003072  0.000030  0.016550  0.013956  0.000859  0.000031

[28 rows x 14 columns]
INFO:root:Means Dataframe:
INFO:root:          0         1         2         3         4         5   ...        8         9         10        11        12        13
0   0.991210  0.916711  0.865485  0.960755  0.115792  0.232052  ...  0.964049  0.380381  0.419484  0.977169  0.588740  0.111994
1   0.916711  0.907131  0.790530  0.891569  0.530334  0.467416  ...  0.878243  0.608873  0.568367  0.913693  0.724987  0.640780
2   0.865485  0.790530  0.871913  0.826764  0.584724  0.759330  ...  0.826939  0.668728  0.711654  0.838436  0.752263  0.625170
3   0.960755  0.891569  0.826764  0.981603  0.386817  0.079292  ...  0.956492  0.247731  0.626022  0.978965  0.696696  0.167927
4   0.115792  0.530334  0.584724  0.386817  0.954579  0.852324  ...  0.434039  0.866455  0.840211  0.226935  0.835673  0.902291
5   0.232052  0.467416  0.759330  0.079292  0.852324  0.964289  ...  0.227431  0.902738  0.862950  0.049083  0.755801  0.889204
6   0.097306  0.530564  0.684994  0.279810  0.896959  0.904090  ...  0.301213  0.885620  0.834703  0.088589  0.799110  0.909292
7  -0.126625  0.527998  0.622751 -0.044776  0.914306  0.924067  ...  0.043062  0.927558  0.857039 -0.287212  0.753856  0.945915
8   0.964049  0.878243  0.826939  0.956492  0.434039  0.227431  ...  0.965971  0.369676  0.610517  0.974386  0.712748  0.134760
9   0.380381  0.608873  0.668728  0.247731  0.866455  0.902738  ...  0.369676  0.927990  0.824164  0.092483  0.735374  0.927367
10  0.419484  0.568367  0.711654  0.626022  0.840211  0.862950  ...  0.610517  0.824164  0.914161  0.517417  0.743310  0.798062
11  0.977169  0.913693  0.838436  0.978965  0.226935  0.049083  ...  0.974386  0.092483  0.517417  0.993731  0.779403 -0.186998
12  0.588740  0.724987  0.752263  0.696696  0.835673  0.755801  ...  0.712748  0.735374  0.743310  0.779403  0.908049  0.678185
13  0.111994  0.640780  0.625170  0.167927  0.902291  0.889204  ...  0.134760  0.927367  0.798062 -0.186998  0.678185  0.975432
14  0.973566  0.853419  0.851753  0.949918  0.579042  0.482745  ...  0.948292  0.403672  0.631207  0.963007  0.346088  0.425218
15  0.853419  0.908434  0.807809  0.891198  0.740746  0.670644  ...  0.884984  0.541701  0.644905  0.896298  0.644760  0.582109
16  0.851753  0.807809  0.923982  0.860950  0.734115  0.699881  ...  0.882888  0.537387  0.657819  0.893348  0.517257  0.500862
17  0.949918  0.891198  0.860950  0.982237  0.583966  0.579689  ...  0.963612  0.364111  0.498429  0.977110  0.222053  0.121383
18  0.579042  0.740746  0.734115  0.583966  0.878004  0.775787  ...  0.637667  0.815747  0.797411  0.545644  0.827865  0.817384
19  0.482745  0.670644  0.699881  0.579689  0.775787  0.910948  ...  0.621507  0.834363  0.767677  0.521074  0.849307  0.849289
20  0.170711  0.526386  0.657135 -0.000264  0.820797  0.826255  ... -0.067985  0.909397  0.871194 -0.162078  0.921653  0.927976
21  0.217482  0.512059  0.581963  0.112005  0.817228  0.858399  ...  0.054830  0.932318  0.866895 -0.092624  0.889108  0.922520
22  0.948292  0.884984  0.882888  0.963612  0.637667  0.621507  ...  0.976708  0.302419  0.583710  0.972831  0.214086  0.235973
23  0.403672  0.541701  0.537387  0.364111  0.815747  0.834363  ...  0.302419  0.947501  0.806345  0.039049  0.877212  0.937741
24  0.631207  0.644905  0.657819  0.498429  0.797411  0.767677  ...  0.583710  0.806345  0.916966  0.655643  0.826952  0.732271
25  0.963007  0.896298  0.893348  0.977110  0.545644  0.521074  ...  0.972831  0.039049  0.655643  0.993746  0.212918 -0.300629
26  0.346088  0.644760  0.517257  0.222053  0.827865  0.849307  ...  0.214086  0.877212  0.826952  0.212918  0.959485  0.911798
27  0.425218  0.582109  0.500862  0.121383  0.817384  0.849289  ...  0.235973  0.937741  0.732271 -0.300629  0.911798  0.979145

[28 rows x 14 columns]
INFO:root:Standard Deviations Dataframe:
INFO:root:          0         1         2         3         4         5   ...        8         9         10        11        12        13
0   0.002519  0.026472  0.025075  0.011291  0.123771  0.268034  ...  0.023711  0.115800  0.164678  0.008231  0.079265  0.263856
1   0.026472  0.023413  0.010450  0.030624  0.115838  0.244686  ...  0.013003  0.058173  0.150797  0.019280  0.054852  0.042450
2   0.025075  0.010450  0.030030  0.020489  0.032793  0.016997  ...  0.026392  0.037375  0.028086  0.022928  0.024137  0.047060
3   0.011291  0.030624  0.020489  0.008297  0.065116  0.240985  ...  0.007286  0.136188  0.185903  0.004006  0.075559  0.168512
4   0.123771  0.115838  0.032793  0.065116  0.006579  0.022231  ...  0.124819  0.014018  0.025717  0.123799  0.035492  0.043538
5   0.268034  0.244686  0.016997  0.240985  0.022231  0.016235  ...  0.164722  0.028339  0.046111  0.345567  0.038235  0.018025
6   0.099081  0.051907  0.032834  0.038989  0.016300  0.029400  ...  0.097311  0.013211  0.034711  0.100020  0.018998  0.064009
7   0.207712  0.048560  0.056571  0.124257  0.029840  0.024237  ...  0.166607  0.014316  0.028541  0.141970  0.027457  0.042962
8   0.023711  0.013003  0.026392  0.007286  0.124819  0.164722  ...  0.014896  0.057379  0.055300  0.005367  0.065874  0.155734
9   0.115800  0.058173  0.037375  0.136188  0.014018  0.028339  ...  0.057379  0.018778  0.027067  0.135181  0.054124  0.009842
10  0.164678  0.150797  0.028086  0.185903  0.025717  0.046111  ...  0.055300  0.027067  0.014128  0.127862  0.039419  0.047014
11  0.008231  0.019280  0.022928  0.004006  0.123799  0.345567  ...  0.005367  0.135181  0.127862  0.001362  0.052058  0.130642
12  0.079265  0.054852  0.024137  0.075559  0.035492  0.038235  ...  0.065874  0.054124  0.039419  0.052058  0.015968  0.067398
13  0.263856  0.042450  0.047060  0.168512  0.043538  0.018025  ...  0.155734  0.009842  0.047014  0.130642  0.067398  0.009204
14  0.005113  0.029297  0.037164  0.014825  0.090649  0.034355  ...  0.009766  0.051330  0.026080  0.007615  0.108354  0.065854
15  0.029297  0.042737  0.022130  0.014608  0.033787  0.039175  ...  0.013675  0.061752  0.049727  0.011233  0.032933  0.042005
16  0.037164  0.022130  0.023813  0.019228  0.025293  0.049309  ...  0.015529  0.055669  0.076325  0.022507  0.052739  0.067370
17  0.014825  0.014608  0.019228  0.004705  0.080849  0.052676  ...  0.011265  0.067667  0.078529  0.008407  0.136673  0.174077
18  0.090649  0.033787  0.025293  0.080849  0.031750  0.029497  ...  0.056861  0.039684  0.011159  0.108857  0.049507  0.066146
19  0.034355  0.039175  0.049309  0.052676  0.029497  0.007473  ...  0.082797  0.022318  0.053739  0.064338  0.023690  0.016149
20  0.136891  0.026414  0.038851  0.218811  0.031475  0.021977  ...  0.184704  0.015967  0.023300  0.116224  0.024232  0.016353
21  0.189114  0.035264  0.078802  0.179307  0.032419  0.023942  ...  0.184782  0.016056  0.032453  0.132877  0.022194  0.020596
22  0.009766  0.013675  0.015529  0.011265  0.056861  0.082797  ...  0.008522  0.133599  0.062633  0.006425  0.220417  0.055425
23  0.051330  0.061752  0.055669  0.067667  0.039684  0.022318  ...  0.133599  0.012200  0.033812  0.106974  0.019948  0.005482
24  0.026080  0.049727  0.076325  0.078529  0.011159  0.053739  ...  0.062633  0.033812  0.016477  0.065353  0.028505  0.128647
25  0.007615  0.011233  0.022507  0.008407  0.108857  0.064338  ...  0.006425  0.106974  0.065353  0.005456  0.156213  0.118135
26  0.108354  0.032933  0.052739  0.136673  0.049507  0.023690  ...  0.220417  0.019948  0.028505  0.156213  0.012251  0.029307
27  0.065854  0.042005  0.067370  0.174077  0.066146  0.016149  ...  0.055425  0.005482  0.128647  0.118135  0.029307  0.005585

[28 rows x 14 columns]
INFO:root:Variances Dataframe:
INFO:root:          0         1         2         3         4         5   ...        8         9         10        11        12        13
0   0.000006  0.000701  0.000629  0.000127  0.015319  0.071842  ...  0.000562  0.013410  0.027119  0.000068  0.006283  0.069620
1   0.000701  0.000548  0.000109  0.000938  0.013418  0.059871  ...  0.000169  0.003384  0.022740  0.000372  0.003009  0.001802
2   0.000629  0.000109  0.000902  0.000420  0.001075  0.000289  ...  0.000697  0.001397  0.000789  0.000526  0.000583  0.002215
3   0.000127  0.000938  0.000420  0.000069  0.004240  0.058074  ...  0.000053  0.018547  0.034560  0.000016  0.005709  0.028396
4   0.015319  0.013418  0.001075  0.004240  0.000043  0.000494  ...  0.015580  0.000196  0.000661  0.015326  0.001260  0.001896
5   0.071842  0.059871  0.000289  0.058074  0.000494  0.000264  ...  0.027133  0.000803  0.002126  0.119416  0.001462  0.000325
6   0.009817  0.002694  0.001078  0.001520  0.000266  0.000864  ...  0.009469  0.000175  0.001205  0.010004  0.000361  0.004097
7   0.043144  0.002358  0.003200  0.015440  0.000890  0.000587  ...  0.027758  0.000205  0.000815  0.020155  0.000754  0.001846
8   0.000562  0.000169  0.000697  0.000053  0.015580  0.027133  ...  0.000222  0.003292  0.003058  0.000029  0.004339  0.024253
9   0.013410  0.003384  0.001397  0.018547  0.000196  0.000803  ...  0.003292  0.000353  0.000733  0.018274  0.002929  0.000097
10  0.027119  0.022740  0.000789  0.034560  0.000661  0.002126  ...  0.003058  0.000733  0.000200  0.016349  0.001554  0.002210
11  0.000068  0.000372  0.000526  0.000016  0.015326  0.119416  ...  0.000029  0.018274  0.016349  0.000002  0.002710  0.017067
12  0.006283  0.003009  0.000583  0.005709  0.001260  0.001462  ...  0.004339  0.002929  0.001554  0.002710  0.000255  0.004542
13  0.069620  0.001802  0.002215  0.028396  0.001896  0.000325  ...  0.024253  0.000097  0.002210  0.017067  0.004542  0.000085
14  0.000026  0.000858  0.001381  0.000220  0.008217  0.001180  ...  0.000095  0.002635  0.000680  0.000058  0.011741  0.004337
15  0.000858  0.001826  0.000490  0.000213  0.001142  0.001535  ...  0.000187  0.003813  0.002473  0.000126  0.001085  0.001764
16  0.001381  0.000490  0.000567  0.000370  0.000640  0.002431  ...  0.000241  0.003099  0.005826  0.000507  0.002781  0.004539
17  0.000220  0.000213  0.000370  0.000022  0.006537  0.002775  ...  0.000127  0.004579  0.006167  0.000071  0.018680  0.030303
18  0.008217  0.001142  0.000640  0.006537  0.001008  0.000870  ...  0.003233  0.001575  0.000125  0.011850  0.002451  0.004375
19  0.001180  0.001535  0.002431  0.002775  0.000870  0.000056  ...  0.006855  0.000498  0.002888  0.004139  0.000561  0.000261
20  0.018739  0.000698  0.001509  0.047878  0.000991  0.000483  ...  0.034116  0.000255  0.000543  0.013508  0.000587  0.000267
21  0.035764  0.001244  0.006210  0.032151  0.001051  0.000573  ...  0.034144  0.000258  0.001053  0.017656  0.000493  0.000424
22  0.000095  0.000187  0.000241  0.000127  0.003233  0.006855  ...  0.000073  0.017849  0.003923  0.000041  0.048584  0.003072
23  0.002635  0.003813  0.003099  0.004579  0.001575  0.000498  ...  0.017849  0.000149  0.001143  0.011444  0.000398  0.000030
24  0.000680  0.002473  0.005826  0.006167  0.000125  0.002888  ...  0.003923  0.001143  0.000271  0.004271  0.000813  0.016550
25  0.000058  0.000126  0.000507  0.000071  0.011850  0.004139  ...  0.000041  0.011444  0.004271  0.000030  0.024403  0.013956
26  0.011741  0.001085  0.002781  0.018680  0.002451  0.000561  ...  0.048584  0.000398  0.000813  0.024403  0.000150  0.000859
27  0.004337  0.001764  0.004539  0.030303  0.004375  0.000261  ...  0.003072  0.000030  0.016550  0.013956  0.000859  0.000031
28  0.000176  0.000816  0.001638  0.000088  0.002973  0.007632  ...  0.000073  0.005569  0.002278  0.000018  0.001114  0.008630
29  0.000816  0.000115  0.000142  0.000434  0.001942  0.008447  ...  0.000178  0.003544  0.002845  0.000632  0.005889  0.004840
30  0.001638  0.000142  0.000510  0.003330  0.000373  0.006080  ...  0.010214  0.001694  0.001780  0.034754  0.001885  0.001814
31  0.000088  0.000434  0.003330  0.000029  0.001551  0.006555  ...  0.000011  0.001910  0.007068  0.000014  0.001387  0.011134
32  0.002973  0.001942  0.000373  0.001551  0.000763  0.000947  ...  0.002237  0.000691  0.000391  0.001524  0.000208  0.000583
33  0.007632  0.008447  0.006080  0.006555  0.000947  0.000331  ...  0.010279  0.000516  0.003165  0.015909  0.000477  0.004886
34  0.017146  0.043105  0.001431  0.005511  0.000085  0.000172  ...  0.002519  0.000737  0.000940  0.004462  0.000137  0.000099
35  0.007381  0.010077  0.008202  0.003729  0.000922  0.000449  ...  0.013284  0.000011  0.000709  0.030616  0.000456  0.000017
36  0.000073  0.000178  0.010214  0.000011  0.002237  0.010279  ...  0.000024  0.004262  0.001817  0.000014  0.007003  0.014210
37  0.005569  0.003544  0.001694  0.001910  0.000691  0.000516  ...  0.004262  0.000283  0.000169  0.003461  0.000337  0.000657
38  0.002278  0.002845  0.001780  0.007068  0.000391  0.003165  ...  0.001817  0.000169  0.000526  0.003956  0.011088  0.000628
39  0.000018  0.000632  0.034754  0.000014  0.001524  0.015909  ...  0.000014  0.003461  0.003956  0.000001  0.017136  0.029296
40  0.001114  0.005889  0.001885  0.001387  0.000208  0.000477  ...  0.007003  0.000337  0.011088  0.017136  0.000121  0.001379
41  0.008630  0.004840  0.001814  0.011134  0.000583  0.004886  ...  0.014210  0.000657  0.000628  0.029296  0.001379  0.000079

[42 rows x 14 columns]
INFO:root:Means Dataframe:
INFO:root:          0         1         2         3         4         5   ...        8         9         10        11        12        13
0   0.991210  0.916711  0.865485  0.960755  0.115792  0.232052  ...  0.964049  0.380381  0.419484  0.977169  0.588740  0.111994
1   0.916711  0.907131  0.790530  0.891569  0.530334  0.467416  ...  0.878243  0.608873  0.568367  0.913693  0.724987  0.640780
2   0.865485  0.790530  0.871913  0.826764  0.584724  0.759330  ...  0.826939  0.668728  0.711654  0.838436  0.752263  0.625170
3   0.960755  0.891569  0.826764  0.981603  0.386817  0.079292  ...  0.956492  0.247731  0.626022  0.978965  0.696696  0.167927
4   0.115792  0.530334  0.584724  0.386817  0.954579  0.852324  ...  0.434039  0.866455  0.840211  0.226935  0.835673  0.902291
5   0.232052  0.467416  0.759330  0.079292  0.852324  0.964289  ...  0.227431  0.902738  0.862950  0.049083  0.755801  0.889204
6   0.097306  0.530564  0.684994  0.279810  0.896959  0.904090  ...  0.301213  0.885620  0.834703  0.088589  0.799110  0.909292
7  -0.126625  0.527998  0.622751 -0.044776  0.914306  0.924067  ...  0.043062  0.927558  0.857039 -0.287212  0.753856  0.945915
8   0.964049  0.878243  0.826939  0.956492  0.434039  0.227431  ...  0.965971  0.369676  0.610517  0.974386  0.712748  0.134760
9   0.380381  0.608873  0.668728  0.247731  0.866455  0.902738  ...  0.369676  0.927990  0.824164  0.092483  0.735374  0.927367
10  0.419484  0.568367  0.711654  0.626022  0.840211  0.862950  ...  0.610517  0.824164  0.914161  0.517417  0.743310  0.798062
11  0.977169  0.913693  0.838436  0.978965  0.226935  0.049083  ...  0.974386  0.092483  0.517417  0.993731  0.779403 -0.186998
12  0.588740  0.724987  0.752263  0.696696  0.835673  0.755801  ...  0.712748  0.735374  0.743310  0.779403  0.908049  0.678185
13  0.111994  0.640780  0.625170  0.167927  0.902291  0.889204  ...  0.134760  0.927367  0.798062 -0.186998  0.678185  0.975432
14  0.973566  0.853419  0.851753  0.949918  0.579042  0.482745  ...  0.948292  0.403672  0.631207  0.963007  0.346088  0.425218
15  0.853419  0.908434  0.807809  0.891198  0.740746  0.670644  ...  0.884984  0.541701  0.644905  0.896298  0.644760  0.582109
16  0.851753  0.807809  0.923982  0.860950  0.734115  0.699881  ...  0.882888  0.537387  0.657819  0.893348  0.517257  0.500862
17  0.949918  0.891198  0.860950  0.982237  0.583966  0.579689  ...  0.963612  0.364111  0.498429  0.977110  0.222053  0.121383
18  0.579042  0.740746  0.734115  0.583966  0.878004  0.775787  ...  0.637667  0.815747  0.797411  0.545644  0.827865  0.817384
19  0.482745  0.670644  0.699881  0.579689  0.775787  0.910948  ...  0.621507  0.834363  0.767677  0.521074  0.849307  0.849289
20  0.170711  0.526386  0.657135 -0.000264  0.820797  0.826255  ... -0.067985  0.909397  0.871194 -0.162078  0.921653  0.927976
21  0.217482  0.512059  0.581963  0.112005  0.817228  0.858399  ...  0.054830  0.932318  0.866895 -0.092624  0.889108  0.922520
22  0.948292  0.884984  0.882888  0.963612  0.637667  0.621507  ...  0.976708  0.302419  0.583710  0.972831  0.214086  0.235973
23  0.403672  0.541701  0.537387  0.364111  0.815747  0.834363  ...  0.302419  0.947501  0.806345  0.039049  0.877212  0.937741
24  0.631207  0.644905  0.657819  0.498429  0.797411  0.767677  ...  0.583710  0.806345  0.916966  0.655643  0.826952  0.732271
25  0.963007  0.896298  0.893348  0.977110  0.545644  0.521074  ...  0.972831  0.039049  0.655643  0.993746  0.212918 -0.300629
26  0.346088  0.644760  0.517257  0.222053  0.827865  0.849307  ...  0.214086  0.877212  0.826952  0.212918  0.959485  0.911798
27  0.425218  0.582109  0.500862  0.121383  0.817384  0.849289  ...  0.235973  0.937741  0.732271 -0.300629  0.911798  0.979145
28  0.969584  0.893706  0.790785  0.957846  0.611286  0.459590  ...  0.948716  0.369785  0.623926  0.974343  0.596487  0.101288
29  0.893706  0.948795  0.797247  0.891445  0.706703  0.563387  ...  0.907406  0.593620  0.707152  0.906209  0.571290  0.488132
30  0.790785  0.797247  0.900100  0.782468  0.766168  0.700539  ...  0.743671  0.762742  0.686597  0.697394  0.756732  0.670204
31  0.957846  0.891445  0.782468  0.975208  0.621354  0.485906  ...  0.953265  0.394226  0.524863  0.974598  0.620527  0.106086
32  0.611286  0.706703  0.766168  0.621354  0.867348  0.773573  ...  0.640602  0.796137  0.764093  0.597338  0.773376  0.843468
33  0.459590  0.563387  0.700539  0.485906  0.773573  0.947798  ...  0.361911  0.849479  0.720416  0.207850  0.876225  0.882122
34  0.264732  0.422542  0.682642  0.270665  0.844083  0.883240  ...  0.289271  0.844965  0.802812  0.082139  0.853343  0.928677
35 -0.016911  0.339826  0.726788 -0.075968  0.840726  0.916797  ... -0.132969  0.929077  0.825307 -0.417825  0.899760  0.959219
36  0.948716  0.907406  0.743671  0.953265  0.640602  0.361911  ...  0.977633  0.394098  0.721598  0.984128  0.376008  0.075672
37  0.369785  0.593620  0.762742  0.394226  0.796137  0.849479  ...  0.394098  0.933553  0.816878  0.187537  0.853787  0.904309
38  0.623926  0.707152  0.686597  0.524863  0.764093  0.720416  ...  0.721598  0.816878  0.926738  0.693310  0.652568  0.863069
39  0.974343  0.906209  0.697394  0.974598  0.597338  0.207850  ...  0.984128  0.187537  0.693310  0.996390  0.298499 -0.294133
40  0.596487  0.571290  0.756732  0.620527  0.773376  0.876225  ...  0.376008  0.853787  0.652568  0.298499  0.924561  0.873413
41  0.101288  0.488132  0.670204  0.106086  0.843468  0.882122  ...  0.075672  0.904309  0.863069 -0.294133  0.873413  0.975299

[42 rows x 14 columns]
INFO:root:Standard Deviations Dataframe:
INFO:root:          0         1         2         3         4         5   ...        8         9         10        11        12        13
0   0.002519  0.026472  0.025075  0.011291  0.123771  0.268034  ...  0.023711  0.115800  0.164678  0.008231  0.079265  0.263856
1   0.026472  0.023413  0.010450  0.030624  0.115838  0.244686  ...  0.013003  0.058173  0.150797  0.019280  0.054852  0.042450
2   0.025075  0.010450  0.030030  0.020489  0.032793  0.016997  ...  0.026392  0.037375  0.028086  0.022928  0.024137  0.047060
3   0.011291  0.030624  0.020489  0.008297  0.065116  0.240985  ...  0.007286  0.136188  0.185903  0.004006  0.075559  0.168512
4   0.123771  0.115838  0.032793  0.065116  0.006579  0.022231  ...  0.124819  0.014018  0.025717  0.123799  0.035492  0.043538
5   0.268034  0.244686  0.016997  0.240985  0.022231  0.016235  ...  0.164722  0.028339  0.046111  0.345567  0.038235  0.018025
6   0.099081  0.051907  0.032834  0.038989  0.016300  0.029400  ...  0.097311  0.013211  0.034711  0.100020  0.018998  0.064009
7   0.207712  0.048560  0.056571  0.124257  0.029840  0.024237  ...  0.166607  0.014316  0.028541  0.141970  0.027457  0.042962
8   0.023711  0.013003  0.026392  0.007286  0.124819  0.164722  ...  0.014896  0.057379  0.055300  0.005367  0.065874  0.155734
9   0.115800  0.058173  0.037375  0.136188  0.014018  0.028339  ...  0.057379  0.018778  0.027067  0.135181  0.054124  0.009842
10  0.164678  0.150797  0.028086  0.185903  0.025717  0.046111  ...  0.055300  0.027067  0.014128  0.127862  0.039419  0.047014
11  0.008231  0.019280  0.022928  0.004006  0.123799  0.345567  ...  0.005367  0.135181  0.127862  0.001362  0.052058  0.130642
12  0.079265  0.054852  0.024137  0.075559  0.035492  0.038235  ...  0.065874  0.054124  0.039419  0.052058  0.015968  0.067398
13  0.263856  0.042450  0.047060  0.168512  0.043538  0.018025  ...  0.155734  0.009842  0.047014  0.130642  0.067398  0.009204
14  0.005113  0.029297  0.037164  0.014825  0.090649  0.034355  ...  0.009766  0.051330  0.026080  0.007615  0.108354  0.065854
15  0.029297  0.042737  0.022130  0.014608  0.033787  0.039175  ...  0.013675  0.061752  0.049727  0.011233  0.032933  0.042005
16  0.037164  0.022130  0.023813  0.019228  0.025293  0.049309  ...  0.015529  0.055669  0.076325  0.022507  0.052739  0.067370
17  0.014825  0.014608  0.019228  0.004705  0.080849  0.052676  ...  0.011265  0.067667  0.078529  0.008407  0.136673  0.174077
18  0.090649  0.033787  0.025293  0.080849  0.031750  0.029497  ...  0.056861  0.039684  0.011159  0.108857  0.049507  0.066146
19  0.034355  0.039175  0.049309  0.052676  0.029497  0.007473  ...  0.082797  0.022318  0.053739  0.064338  0.023690  0.016149
20  0.136891  0.026414  0.038851  0.218811  0.031475  0.021977  ...  0.184704  0.015967  0.023300  0.116224  0.024232  0.016353
21  0.189114  0.035264  0.078802  0.179307  0.032419  0.023942  ...  0.184782  0.016056  0.032453  0.132877  0.022194  0.020596
22  0.009766  0.013675  0.015529  0.011265  0.056861  0.082797  ...  0.008522  0.133599  0.062633  0.006425  0.220417  0.055425
23  0.051330  0.061752  0.055669  0.067667  0.039684  0.022318  ...  0.133599  0.012200  0.033812  0.106974  0.019948  0.005482
24  0.026080  0.049727  0.076325  0.078529  0.011159  0.053739  ...  0.062633  0.033812  0.016477  0.065353  0.028505  0.128647
25  0.007615  0.011233  0.022507  0.008407  0.108857  0.064338  ...  0.006425  0.106974  0.065353  0.005456  0.156213  0.118135
26  0.108354  0.032933  0.052739  0.136673  0.049507  0.023690  ...  0.220417  0.019948  0.028505  0.156213  0.012251  0.029307
27  0.065854  0.042005  0.067370  0.174077  0.066146  0.016149  ...  0.055425  0.005482  0.128647  0.118135  0.029307  0.005585
28  0.013281  0.028563  0.040466  0.009375  0.054525  0.087364  ...  0.008544  0.074625  0.047733  0.004235  0.033377  0.092899
29  0.028563  0.010719  0.011926  0.020826  0.044068  0.091910  ...  0.013327  0.059530  0.053334  0.025132  0.076737  0.069570
30  0.040466  0.011926  0.022582  0.057706  0.019305  0.077973  ...  0.101064  0.041155  0.042192  0.186424  0.043415  0.042593
31  0.009375  0.020826  0.057706  0.005405  0.039386  0.080961  ...  0.003261  0.043703  0.084073  0.003744  0.037249  0.105515
32  0.054525  0.044068  0.019305  0.039386  0.027620  0.030781  ...  0.047294  0.026280  0.019779  0.039036  0.014414  0.024155
33  0.087364  0.091910  0.077973  0.080961  0.030781  0.018188  ...  0.101385  0.022722  0.056258  0.126132  0.021847  0.069901
34  0.130941  0.207618  0.037828  0.074234  0.009233  0.013118  ...  0.050188  0.027143  0.030665  0.066795  0.011687  0.009933
35  0.085913  0.100382  0.090566  0.061066  0.030371  0.021191  ...  0.115258  0.003245  0.026631  0.174976  0.021344  0.004084
36  0.008544  0.013327  0.101064  0.003261  0.047294  0.101385  ...  0.004893  0.065283  0.042628  0.003721  0.083683  0.119206
37  0.074625  0.059530  0.041155  0.043703  0.026280  0.022722  ...  0.065283  0.016818  0.013011  0.058834  0.018363  0.025640
38  0.047733  0.053334  0.042192  0.084073  0.019779  0.056258  ...  0.042628  0.013011  0.022927  0.062896  0.105300  0.025064
39  0.004235  0.025132  0.186424  0.003744  0.039036  0.126132  ...  0.003721  0.058834  0.062896  0.001204  0.130905  0.171162
40  0.033377  0.076737  0.043415  0.037249  0.014414  0.021847  ...  0.083683  0.018363  0.105300  0.130905  0.010987  0.037130
41  0.092899  0.069570  0.042593  0.105515  0.024155  0.069901  ...  0.119206  0.025640  0.025064  0.171162  0.037130  0.008864

[42 rows x 14 columns]
INFO:root:Variances Dataframe:
INFO:root:          0         1         2         3         4         5   ...        8         9         10        11        12        13
0   0.000006  0.000701  0.000629  0.000127  0.015319  0.071842  ...  0.000562  0.013410  0.027119  0.000068  0.006283  0.069620
1   0.000701  0.000548  0.000109  0.000938  0.013418  0.059871  ...  0.000169  0.003384  0.022740  0.000372  0.003009  0.001802
2   0.000629  0.000109  0.000902  0.000420  0.001075  0.000289  ...  0.000697  0.001397  0.000789  0.000526  0.000583  0.002215
3   0.000127  0.000938  0.000420  0.000069  0.004240  0.058074  ...  0.000053  0.018547  0.034560  0.000016  0.005709  0.028396
4   0.015319  0.013418  0.001075  0.004240  0.000043  0.000494  ...  0.015580  0.000196  0.000661  0.015326  0.001260  0.001896
5   0.071842  0.059871  0.000289  0.058074  0.000494  0.000264  ...  0.027133  0.000803  0.002126  0.119416  0.001462  0.000325
6   0.009817  0.002694  0.001078  0.001520  0.000266  0.000864  ...  0.009469  0.000175  0.001205  0.010004  0.000361  0.004097
7   0.043144  0.002358  0.003200  0.015440  0.000890  0.000587  ...  0.027758  0.000205  0.000815  0.020155  0.000754  0.001846
8   0.000562  0.000169  0.000697  0.000053  0.015580  0.027133  ...  0.000222  0.003292  0.003058  0.000029  0.004339  0.024253
9   0.013410  0.003384  0.001397  0.018547  0.000196  0.000803  ...  0.003292  0.000353  0.000733  0.018274  0.002929  0.000097
10  0.027119  0.022740  0.000789  0.034560  0.000661  0.002126  ...  0.003058  0.000733  0.000200  0.016349  0.001554  0.002210
11  0.000068  0.000372  0.000526  0.000016  0.015326  0.119416  ...  0.000029  0.018274  0.016349  0.000002  0.002710  0.017067
12  0.006283  0.003009  0.000583  0.005709  0.001260  0.001462  ...  0.004339  0.002929  0.001554  0.002710  0.000255  0.004542
13  0.069620  0.001802  0.002215  0.028396  0.001896  0.000325  ...  0.024253  0.000097  0.002210  0.017067  0.004542  0.000085
14  0.000026  0.000858  0.001381  0.000220  0.008217  0.001180  ...  0.000095  0.002635  0.000680  0.000058  0.011741  0.004337
15  0.000858  0.001826  0.000490  0.000213  0.001142  0.001535  ...  0.000187  0.003813  0.002473  0.000126  0.001085  0.001764
16  0.001381  0.000490  0.000567  0.000370  0.000640  0.002431  ...  0.000241  0.003099  0.005826  0.000507  0.002781  0.004539
17  0.000220  0.000213  0.000370  0.000022  0.006537  0.002775  ...  0.000127  0.004579  0.006167  0.000071  0.018680  0.030303
18  0.008217  0.001142  0.000640  0.006537  0.001008  0.000870  ...  0.003233  0.001575  0.000125  0.011850  0.002451  0.004375
19  0.001180  0.001535  0.002431  0.002775  0.000870  0.000056  ...  0.006855  0.000498  0.002888  0.004139  0.000561  0.000261
20  0.018739  0.000698  0.001509  0.047878  0.000991  0.000483  ...  0.034116  0.000255  0.000543  0.013508  0.000587  0.000267
21  0.035764  0.001244  0.006210  0.032151  0.001051  0.000573  ...  0.034144  0.000258  0.001053  0.017656  0.000493  0.000424
22  0.000095  0.000187  0.000241  0.000127  0.003233  0.006855  ...  0.000073  0.017849  0.003923  0.000041  0.048584  0.003072
23  0.002635  0.003813  0.003099  0.004579  0.001575  0.000498  ...  0.017849  0.000149  0.001143  0.011444  0.000398  0.000030
24  0.000680  0.002473  0.005826  0.006167  0.000125  0.002888  ...  0.003923  0.001143  0.000271  0.004271  0.000813  0.016550
25  0.000058  0.000126  0.000507  0.000071  0.011850  0.004139  ...  0.000041  0.011444  0.004271  0.000030  0.024403  0.013956
26  0.011741  0.001085  0.002781  0.018680  0.002451  0.000561  ...  0.048584  0.000398  0.000813  0.024403  0.000150  0.000859
27  0.004337  0.001764  0.004539  0.030303  0.004375  0.000261  ...  0.003072  0.000030  0.016550  0.013956  0.000859  0.000031
28  0.000176  0.000816  0.001638  0.000088  0.002973  0.007632  ...  0.000073  0.005569  0.002278  0.000018  0.001114  0.008630
29  0.000816  0.000115  0.000142  0.000434  0.001942  0.008447  ...  0.000178  0.003544  0.002845  0.000632  0.005889  0.004840
30  0.001638  0.000142  0.000510  0.003330  0.000373  0.006080  ...  0.010214  0.001694  0.001780  0.034754  0.001885  0.001814
31  0.000088  0.000434  0.003330  0.000029  0.001551  0.006555  ...  0.000011  0.001910  0.007068  0.000014  0.001387  0.011134
32  0.002973  0.001942  0.000373  0.001551  0.000763  0.000947  ...  0.002237  0.000691  0.000391  0.001524  0.000208  0.000583
33  0.007632  0.008447  0.006080  0.006555  0.000947  0.000331  ...  0.010279  0.000516  0.003165  0.015909  0.000477  0.004886
34  0.017146  0.043105  0.001431  0.005511  0.000085  0.000172  ...  0.002519  0.000737  0.000940  0.004462  0.000137  0.000099
35  0.007381  0.010077  0.008202  0.003729  0.000922  0.000449  ...  0.013284  0.000011  0.000709  0.030616  0.000456  0.000017
36  0.000073  0.000178  0.010214  0.000011  0.002237  0.010279  ...  0.000024  0.004262  0.001817  0.000014  0.007003  0.014210
37  0.005569  0.003544  0.001694  0.001910  0.000691  0.000516  ...  0.004262  0.000283  0.000169  0.003461  0.000337  0.000657
38  0.002278  0.002845  0.001780  0.007068  0.000391  0.003165  ...  0.001817  0.000169  0.000526  0.003956  0.011088  0.000628
39  0.000018  0.000632  0.034754  0.000014  0.001524  0.015909  ...  0.000014  0.003461  0.003956  0.000001  0.017136  0.029296
40  0.001114  0.005889  0.001885  0.001387  0.000208  0.000477  ...  0.007003  0.000337  0.011088  0.017136  0.000121  0.001379
41  0.008630  0.004840  0.001814  0.011134  0.000583  0.004886  ...  0.014210  0.000657  0.000628  0.029296  0.001379  0.000079
42  0.000015  0.000047  0.003025  0.000149  0.006256  0.009857  ...  0.000034  0.003506  0.004623  0.000011  0.031870  0.006252
43  0.000047  0.000041  0.000240  0.000106  0.000183  0.002581  ...  0.000181  0.004644  0.000229  0.000090  0.000614  0.001588
44  0.003025  0.000240  0.000172  0.000776  0.001569  0.003190  ...  0.002458  0.000219  0.000523  0.001760  0.001317  0.003660
