0,1,2,3,4,5,6,7,8,9,10,11
6e-06,0.000701,0.000629,0.000127,0.015319,0.071842,0.000562,0.01341,0.027119,6.8e-05,0.006283,0.06962
0.000701,0.000548,0.000109,0.000938,0.013418,0.059871,0.000169,0.003384,0.02274,0.000372,0.003009,0.001802
0.000629,0.000109,0.000902,0.00042,0.001075,0.000289,0.000697,0.001397,0.000789,0.000526,0.000583,0.002215
0.000127,0.000938,0.00042,6.9e-05,0.00424,0.058074,5.3e-05,0.018547,0.03456,1.6e-05,0.005709,0.028396
0.015319,0.013418,0.001075,0.00424,4.3e-05,0.000494,0.01558,0.000196,0.000661,0.015326,0.00126,0.001896
0.071842,0.059871,0.000289,0.058074,0.000494,0.000264,0.027133,0.000803,0.002126,0.119416,0.001462,0.000325
0.009817,0.002694,0.001078,0.00152,0.000266,0.000864,0.009469,0.000175,0.001205,0.010004,0.000361,0.004097
0.043144,0.002358,0.0032,0.01544,0.00089,0.000587,0.027758,0.000205,0.000815,0.020155,0.000754,0.001846
0.000562,0.000169,0.000697,5.3e-05,0.01558,0.027133,0.000222,0.003292,0.003058,2.9e-05,0.004339,0.024253
0.01341,0.003384,0.001397,0.018547,0.000196,0.000803,0.003292,0.000353,0.000733,0.018274,0.002929,9.7e-05
0.027119,0.02274,0.000789,0.03456,0.000661,0.002126,0.003058,0.000733,0.0002,0.016349,0.001554,0.00221
6.8e-05,0.000372,0.000526,1.6e-05,0.015326,0.119416,2.9e-05,0.018274,0.016349,2e-06,0.00271,0.017067
0.006283,0.003009,0.000583,0.005709,0.00126,0.001462,0.004339,0.002929,0.001554,0.00271,0.000255,0.004542
0.06962,0.001802,0.002215,0.028396,0.001896,0.000325,0.024253,9.7e-05,0.00221,0.017067,0.004542,8.5e-05
6e-06,0.000701,0.000629,0.000127,0.015319,0.071842,0.000562,0.01341,0.027119,6.8e-05,0.006283,0.06962
0.000701,0.000548,0.000109,0.000938,0.013418,0.059871,0.000169,0.003384,0.02274,0.000372,0.003009,0.001802
0.000629,0.000109,0.000902,0.00042,0.001075,0.000289,0.000697,0.001397,0.000789,0.000526,0.000583,0.002215
0.000127,0.000938,0.00042,6.9e-05,0.00424,0.058074,5.3e-05,0.018547,0.03456,1.6e-05,0.005709,0.028396
0.015319,0.013418,0.001075,0.00424,4.3e-05,0.000494,0.01558,0.000196,0.000661,0.015326,0.00126,0.001896
0.071842,0.059871,0.000289,0.058074,0.000494,0.000264,0.027133,0.000803,0.002126,0.119416,0.001462,0.000325
0.009817,0.002694,0.001078,0.00152,0.000266,0.000864,0.009469,0.000175,0.001205,0.010004,0.000361,0.004097
0.043144,0.002358,0.0032,0.01544,0.00089,0.000587,0.027758,0.000205,0.000815,0.020155,0.000754,0.001846
0.000562,0.000169,0.000697,5.3e-05,0.01558,0.027133,0.000222,0.003292,0.003058,2.9e-05,0.004339,0.024253
0.01341,0.003384,0.001397,0.018547,0.000196,0.000803,0.003292,0.000353,0.000733,0.018274,0.002929,9.7e-05
0.027119,0.02274,0.000789,0.03456,0.000661,0.002126,0.003058,0.000733,0.0002,0.016349,0.001554,0.00221
6.8e-05,0.000372,0.000526,1.6e-05,0.015326,0.119416,2.9e-05,0.018274,0.016349,2e-06,0.00271,0.017067
0.006283,0.003009,0.000583,0.005709,0.00126,0.001462,0.004339,0.002929,0.001554,0.00271,0.000255,0.004542
0.06962,0.001802,0.002215,0.028396,0.001896,0.000325,0.024253,9.7e-05,0.00221,0.017067,0.004542,8.5e-05
2.6e-05,0.000858,0.001381,0.00022,0.008217,0.00118,9.5e-05,0.002635,0.00068,5.8e-05,0.011741,0.004337
0.000858,0.001826,0.00049,0.000213,0.001142,0.001535,0.000187,0.003813,0.002473,0.000126,0.001085,0.001764
0.001381,0.00049,0.000567,0.00037,0.00064,0.002431,0.000241,0.003099,0.005826,0.000507,0.002781,0.004539
0.00022,0.000213,0.00037,2.2e-05,0.006537,0.002775,0.000127,0.004579,0.006167,7.1e-05,0.01868,0.030303
0.008217,0.001142,0.00064,0.006537,0.001008,0.00087,0.003233,0.001575,0.000125,0.01185,0.002451,0.004375
0.00118,0.001535,0.002431,0.002775,0.00087,5.6e-05,0.006855,0.000498,0.002888,0.004139,0.000561,0.000261
0.018739,0.000698,0.001509,0.047878,0.000991,0.000483,0.034116,0.000255,0.000543,0.013508,0.000587,0.000267
0.035764,0.001244,0.00621,0.032151,0.001051,0.000573,0.034144,0.000258,0.001053,0.017656,0.000493,0.000424
9.5e-05,0.000187,0.000241,0.000127,0.003233,0.006855,7.3e-05,0.017849,0.003923,4.1e-05,0.048584,0.003072
0.002635,0.003813,0.003099,0.004579,0.001575,0.000498,0.017849,0.000149,0.001143,0.011444,0.000398,3e-05
0.00068,0.002473,0.005826,0.006167,0.000125,0.002888,0.003923,0.001143,0.000271,0.004271,0.000813,0.01655
5.8e-05,0.000126,0.000507,7.1e-05,0.01185,0.004139,4.1e-05,0.011444,0.004271,3e-05,0.024403,0.013956
0.011741,0.001085,0.002781,0.01868,0.002451,0.000561,0.048584,0.000398,0.000813,0.024403,0.00015,0.000859
0.004337,0.001764,0.004539,0.030303,0.004375,0.000261,0.003072,3e-05,0.01655,0.013956,0.000859,3.1e-05
6e-06,0.000701,0.000629,0.000127,0.015319,0.071842,0.000562,0.01341,0.027119,6.8e-05,0.006283,0.06962
0.000701,0.000548,0.000109,0.000938,0.013418,0.059871,0.000169,0.003384,0.02274,0.000372,0.003009,0.001802
0.000629,0.000109,0.000902,0.00042,0.001075,0.000289,0.000697,0.001397,0.000789,0.000526,0.000583,0.002215
0.000127,0.000938,0.00042,6.9e-05,0.00424,0.058074,5.3e-05,0.018547,0.03456,1.6e-05,0.005709,0.028396
0.015319,0.013418,0.001075,0.00424,4.3e-05,0.000494,0.01558,0.000196,0.000661,0.015326,0.00126,0.001896
0.071842,0.059871,0.000289,0.058074,0.000494,0.000264,0.027133,0.000803,0.002126,0.119416,0.001462,0.000325
0.009817,0.002694,0.001078,0.00152,0.000266,0.000864,0.009469,0.000175,0.001205,0.010004,0.000361,0.004097
0.043144,0.002358,0.0032,0.01544,0.00089,0.000587,0.027758,0.000205,0.000815,0.020155,0.000754,0.001846
0.000562,0.000169,0.000697,5.3e-05,0.01558,0.027133,0.000222,0.003292,0.003058,2.9e-05,0.004339,0.024253
0.01341,0.003384,0.001397,0.018547,0.000196,0.000803,0.003292,0.000353,0.000733,0.018274,0.002929,9.7e-05
0.027119,0.02274,0.000789,0.03456,0.000661,0.002126,0.003058,0.000733,0.0002,0.016349,0.001554,0.00221
6.8e-05,0.000372,0.000526,1.6e-05,0.015326,0.119416,2.9e-05,0.018274,0.016349,2e-06,0.00271,0.017067
0.006283,0.003009,0.000583,0.005709,0.00126,0.001462,0.004339,0.002929,0.001554,0.00271,0.000255,0.004542
0.06962,0.001802,0.002215,0.028396,0.001896,0.000325,0.024253,9.7e-05,0.00221,0.017067,0.004542,8.5e-05
2.6e-05,0.000858,0.001381,0.00022,0.008217,0.00118,9.5e-05,0.002635,0.00068,5.8e-05,0.011741,0.004337
0.000858,0.001826,0.00049,0.000213,0.001142,0.001535,0.000187,0.003813,0.002473,0.000126,0.001085,0.001764
0.001381,0.00049,0.000567,0.00037,0.00064,0.002431,0.000241,0.003099,0.005826,0.000507,0.002781,0.004539
0.00022,0.000213,0.00037,2.2e-05,0.006537,0.002775,0.000127,0.004579,0.006167,7.1e-05,0.01868,0.030303
0.008217,0.001142,0.00064,0.006537,0.001008,0.00087,0.003233,0.001575,0.000125,0.01185,0.002451,0.004375
0.00118,0.001535,0.002431,0.002775,0.00087,5.6e-05,0.006855,0.000498,0.002888,0.004139,0.000561,0.000261
0.018739,0.000698,0.001509,0.047878,0.000991,0.000483,0.034116,0.000255,0.000543,0.013508,0.000587,0.000267
0.035764,0.001244,0.00621,0.032151,0.001051,0.000573,0.034144,0.000258,0.001053,0.017656,0.000493,0.000424
9.5e-05,0.000187,0.000241,0.000127,0.003233,0.006855,7.3e-05,0.017849,0.003923,4.1e-05,0.048584,0.003072
0.002635,0.003813,0.003099,0.004579,0.001575,0.000498,0.017849,0.000149,0.001143,0.011444,0.000398,3e-05
0.00068,0.002473,0.005826,0.006167,0.000125,0.002888,0.003923,0.001143,0.000271,0.004271,0.000813,0.01655
5.8e-05,0.000126,0.000507,7.1e-05,0.01185,0.004139,4.1e-05,0.011444,0.004271,3e-05,0.024403,0.013956
0.011741,0.001085,0.002781,0.01868,0.002451,0.000561,0.048584,0.000398,0.000813,0.024403,0.00015,0.000859
0.004337,0.001764,0.004539,0.030303,0.004375,0.000261,0.003072,3e-05,0.01655,0.013956,0.000859,3.1e-05
0.000176,0.000816,0.001638,8.8e-05,0.002973,0.007632,7.3e-05,0.005569,0.002278,1.8e-05,0.001114,0.00863
0.000816,0.000115,0.000142,0.000434,0.001942,0.008447,0.000178,0.003544,0.002845,0.000632,0.005889,0.00484
0.001638,0.000142,0.00051,0.00333,0.000373,0.00608,0.010214,0.001694,0.00178,0.034754,0.001885,0.001814
8.8e-05,0.000434,0.00333,2.9e-05,0.001551,0.006555,1.1e-05,0.00191,0.007068,1.4e-05,0.001387,0.011134
0.002973,0.001942,0.000373,0.001551,0.000763,0.000947,0.002237,0.000691,0.000391,0.001524,0.000208,0.000583
0.007632,0.008447,0.00608,0.006555,0.000947,0.000331,0.010279,0.000516,0.003165,0.015909,0.000477,0.004886
0.017146,0.043105,0.001431,0.005511,8.5e-05,0.000172,0.002519,0.000737,0.00094,0.004462,0.000137,9.9e-05
0.007381,0.010077,0.008202,0.003729,0.000922,0.000449,0.013284,1.1e-05,0.000709,0.030616,0.000456,1.7e-05
7.3e-05,0.000178,0.010214,1.1e-05,0.002237,0.010279,2.4e-05,0.004262,0.001817,1.4e-05,0.007003,0.01421
0.005569,0.003544,0.001694,0.00191,0.000691,0.000516,0.004262,0.000283,0.000169,0.003461,0.000337,0.000657
0.002278,0.002845,0.00178,0.007068,0.000391,0.003165,0.001817,0.000169,0.000526,0.003956,0.011088,0.000628
1.8e-05,0.000632,0.034754,1.4e-05,0.001524,0.015909,1.4e-05,0.003461,0.003956,1e-06,0.017136,0.029296
0.001114,0.005889,0.001885,0.001387,0.000208,0.000477,0.007003,0.000337,0.011088,0.017136,0.000121,0.001379
0.00863,0.00484,0.001814,0.011134,0.000583,0.004886,0.01421,0.000657,0.000628,0.029296,0.001379,7.9e-05
6e-06,0.000701,0.000629,0.000127,0.015319,0.071842,0.000562,0.01341,0.027119,6.8e-05,0.006283,0.06962
0.000701,0.000548,0.000109,0.000938,0.013418,0.059871,0.000169,0.003384,0.02274,0.000372,0.003009,0.001802
0.000629,0.000109,0.000902,0.00042,0.001075,0.000289,0.000697,0.001397,0.000789,0.000526,0.000583,0.002215
0.000127,0.000938,0.00042,6.9e-05,0.00424,0.058074,5.3e-05,0.018547,0.03456,1.6e-05,0.005709,0.028396
0.015319,0.013418,0.001075,0.00424,4.3e-05,0.000494,0.01558,0.000196,0.000661,0.015326,0.00126,0.001896
0.071842,0.059871,0.000289,0.058074,0.000494,0.000264,0.027133,0.000803,0.002126,0.119416,0.001462,0.000325
0.009817,0.002694,0.001078,0.00152,0.000266,0.000864,0.009469,0.000175,0.001205,0.010004,0.000361,0.004097
0.043144,0.002358,0.0032,0.01544,0.00089,0.000587,0.027758,0.000205,0.000815,0.020155,0.000754,0.001846
0.000562,0.000169,0.000697,5.3e-05,0.01558,0.027133,0.000222,0.003292,0.003058,2.9e-05,0.004339,0.024253
0.01341,0.003384,0.001397,0.018547,0.000196,0.000803,0.003292,0.000353,0.000733,0.018274,0.002929,9.7e-05
0.027119,0.02274,0.000789,0.03456,0.000661,0.002126,0.003058,0.000733,0.0002,0.016349,0.001554,0.00221
6.8e-05,0.000372,0.000526,1.6e-05,0.015326,0.119416,2.9e-05,0.018274,0.016349,2e-06,0.00271,0.017067
0.006283,0.003009,0.000583,0.005709,0.00126,0.001462,0.004339,0.002929,0.001554,0.00271,0.000255,0.004542
0.06962,0.001802,0.002215,0.028396,0.001896,0.000325,0.024253,9.7e-05,0.00221,0.017067,0.004542,8.5e-05
2.6e-05,0.000858,0.001381,0.00022,0.008217,0.00118,9.5e-05,0.002635,0.00068,5.8e-05,0.011741,0.004337
0.000858,0.001826,0.00049,0.000213,0.001142,0.001535,0.000187,0.003813,0.002473,0.000126,0.001085,0.001764
0.001381,0.00049,0.000567,0.00037,0.00064,0.002431,0.000241,0.003099,0.005826,0.000507,0.002781,0.004539
0.00022,0.000213,0.00037,2.2e-05,0.006537,0.002775,0.000127,0.004579,0.006167,7.1e-05,0.01868,0.030303
0.008217,0.001142,0.00064,0.006537,0.001008,0.00087,0.003233,0.001575,0.000125,0.01185,0.002451,0.004375
0.00118,0.001535,0.002431,0.002775,0.00087,5.6e-05,0.006855,0.000498,0.002888,0.004139,0.000561,0.000261
0.018739,0.000698,0.001509,0.047878,0.000991,0.000483,0.034116,0.000255,0.000543,0.013508,0.000587,0.000267
0.035764,0.001244,0.00621,0.032151,0.001051,0.000573,0.034144,0.000258,0.001053,0.017656,0.000493,0.000424
9.5e-05,0.000187,0.000241,0.000127,0.003233,0.006855,7.3e-05,0.017849,0.003923,4.1e-05,0.048584,0.003072
0.002635,0.003813,0.003099,0.004579,0.001575,0.000498,0.017849,0.000149,0.001143,0.011444,0.000398,3e-05
0.00068,0.002473,0.005826,0.006167,0.000125,0.002888,0.003923,0.001143,0.000271,0.004271,0.000813,0.01655
5.8e-05,0.000126,0.000507,7.1e-05,0.01185,0.004139,4.1e-05,0.011444,0.004271,3e-05,0.024403,0.013956
0.011741,0.001085,0.002781,0.01868,0.002451,0.000561,0.048584,0.000398,0.000813,0.024403,0.00015,0.000859
0.004337,0.001764,0.004539,0.030303,0.004375,0.000261,0.003072,3e-05,0.01655,0.013956,0.000859,3.1e-05
0.000176,0.000816,0.001638,8.8e-05,0.002973,0.007632,7.3e-05,0.005569,0.002278,1.8e-05,0.001114,0.00863
0.000816,0.000115,0.000142,0.000434,0.001942,0.008447,0.000178,0.003544,0.002845,0.000632,0.005889,0.00484
0.001638,0.000142,0.00051,0.00333,0.000373,0.00608,0.010214,0.001694,0.00178,0.034754,0.001885,0.001814
8.8e-05,0.000434,0.00333,2.9e-05,0.001551,0.006555,1.1e-05,0.00191,0.007068,1.4e-05,0.001387,0.011134
0.002973,0.001942,0.000373,0.001551,0.000763,0.000947,0.002237,0.000691,0.000391,0.001524,0.000208,0.000583
0.007632,0.008447,0.00608,0.006555,0.000947,0.000331,0.010279,0.000516,0.003165,0.015909,0.000477,0.004886
0.017146,0.043105,0.001431,0.005511,8.5e-05,0.000172,0.002519,0.000737,0.00094,0.004462,0.000137,9.9e-05
0.007381,0.010077,0.008202,0.003729,0.000922,0.000449,0.013284,1.1e-05,0.000709,0.030616,0.000456,1.7e-05
7.3e-05,0.000178,0.010214,1.1e-05,0.002237,0.010279,2.4e-05,0.004262,0.001817,1.4e-05,0.007003,0.01421
0.005569,0.003544,0.001694,0.00191,0.000691,0.000516,0.004262,0.000283,0.000169,0.003461,0.000337,0.000657
0.002278,0.002845,0.00178,0.007068,0.000391,0.003165,0.001817,0.000169,0.000526,0.003956,0.011088,0.000628
1.8e-05,0.000632,0.034754,1.4e-05,0.001524,0.015909,1.4e-05,0.003461,0.003956,1e-06,0.017136,0.029296
0.001114,0.005889,0.001885,0.001387,0.000208,0.000477,0.007003,0.000337,0.011088,0.017136,0.000121,0.001379
0.00863,0.00484,0.001814,0.011134,0.000583,0.004886,0.01421,0.000657,0.000628,0.029296,0.001379,7.9e-05
1.5e-05,4.7e-05,0.003025,0.000149,0.006256,0.009857,3.4e-05,0.003506,0.004623,1.1e-05,0.03187,0.006252
4.7e-05,4.1e-05,0.00024,0.000106,0.000183,0.002581,0.000181,0.004644,0.000229,9e-05,0.000614,0.001588
0.003025,0.00024,0.000172,0.000776,0.001569,0.00319,0.002458,0.000219,0.000523,0.00176,0.001317,0.00366
0.000149,0.000106,0.000776,1.9e-05,0.000544,0.008229,3.6e-05,0.006955,0.004947,1.3e-05,0.012971,0.006864
0.006256,0.000183,0.001569,0.000544,0.000309,0.006195,0.004873,0.000236,0.00067,0.00191,0.000342,0.000877
0.009857,0.002581,0.00319,0.008229,0.006195,0.000228,0.006085,0.000159,9.4e-05,0.011953,9.5e-05,0.000493
0.000527,0.003393,0.00101,0.003575,0.001953,0.000302,0.00362,0.000331,0.001928,0.004755,0.000508,7.4e-05
0.008307,0.003345,0.004772,0.006553,0.001075,0.000404,0.008342,0.000356,0.000174,0.003089,0.000524,4.4e-05
3.4e-05,0.000181,0.002458,3.6e-05,0.004873,0.006085,3e-06,0.012871,0.00585,4e-06,0.005143,0.009398
0.003506,0.004644,0.000219,0.006955,0.000236,0.000159,0.012871,0.00011,0.000344,0.006508,0.000914,0.000137
0.004623,0.000229,0.000523,0.004947,0.00067,9.4e-05,0.00585,0.000344,0.000255,0.003431,0.001257,0.000135
1.1e-05,9e-05,0.00176,1.3e-05,0.00191,0.011953,4e-06,0.006508,0.003431,1.9e-05,0.013493,0.016222
0.03187,0.000614,0.001317,0.012971,0.000342,9.5e-05,0.005143,0.000914,0.001257,0.013493,0.000568,0.000643
0.006252,0.001588,0.00366,0.006864,0.000877,0.000493,0.009398,0.000137,0.000135,0.016222,0.000643,0.000342
6e-06,0.000701,0.000629,0.000127,0.015319,0.071842,0.000562,0.01341,0.027119,6.8e-05,0.006283,0.06962
0.000701,0.000548,0.000109,0.000938,0.013418,0.059871,0.000169,0.003384,0.02274,0.000372,0.003009,0.001802
0.000629,0.000109,0.000902,0.00042,0.001075,0.000289,0.000697,0.001397,0.000789,0.000526,0.000583,0.002215
0.000127,0.000938,0.00042,6.9e-05,0.00424,0.058074,5.3e-05,0.018547,0.03456,1.6e-05,0.005709,0.028396
0.015319,0.013418,0.001075,0.00424,4.3e-05,0.000494,0.01558,0.000196,0.000661,0.015326,0.00126,0.001896
0.002765,0.00389,0.008234,0.00246,0.000463,0.000281,0.019087,6.9e-05,0.00064,0.008153,0.000398,6.5e-05
0.002562,0.000205,0.000176,0.001257,0.000656,0.001069,0.000733,0.00064,8.4e-05,0.002094,0.000829,8e-05
0.00019,0.000253,0.000166,0.000182,0.006884,0.00814,3.5e-05,0.008153,0.002094,8.5e-05,0.010249,0.027247
0.005085,0.004346,0.000502,0.005284,6.7e-05,0.000185,0.004131,0.000398,0.000829,0.010249,0.000126,0.000321
0.006569,0.017376,0.005497,0.00495,0.000135,6.3e-05,0.004393,6.5e-05,8e-05,0.027247,0.000321,2.9e-05
6e-06,0.000701,0.000629,0.000127,0.015319,0.071842,0.000562,0.01341,0.027119,6.8e-05,0.006283,0.06962
0.000701,0.000548,0.000109,0.000938,0.013418,0.059871,0.000169,0.003384,0.02274,0.000372,0.003009,0.001802
0.000629,0.000109,0.000902,0.00042,0.001075,0.000289,0.000697,0.001397,0.000789,0.000526,0.000583,0.002215
0.000127,0.000938,0.00042,6.9e-05,0.00424,0.058074,5.3e-05,0.018547,0.03456,1.6e-05,0.005709,0.028396
0.015319,0.013418,0.001075,0.00424,4.3e-05,0.000494,0.01558,0.000196,0.000661,0.015326,0.00126,0.001896
0.0021,0.000728,0.000886,0.001828,0.000185,3.5e-05,0.006525,0.000295,0.000452,0.010271,0.000207,0.000108
0.004215,0.000669,0.00222,0.004016,0.000186,0.000408,0.001446,0.000452,0.00021,0.003224,0.000253,0.000466
1.3e-05,0.00158,0.000212,1.7e-05,0.004443,0.004527,6.6e-05,0.010271,0.003224,4e-06,0.011223,0.016922
0.001581,0.001576,0.000621,0.003043,2.1e-05,0.000412,0.004818,0.000207,0.000253,0.011223,0.000294,9.4e-05
0.027264,0.0023,0.001796,0.037162,0.000122,0.000258,0.00927,0.000108,0.000466,0.016922,9.4e-05,4e-05
6e-06,0.000701,0.000629,0.000127,0.015319,0.071842,0.000562,0.01341,0.027119,6.77431,0.006283,0.06962
0.000701,0.000548,0.000109,0.000938,0.013418,0.059871,0.000169,0.003384,0.02274,3.717249,0.003009,0.001802
0.000629,0.000109,0.000902,0.00042,0.001075,0.000289,0.000697,0.001397,0.000789,5.256985,0.000583,0.002215
0.000127,0.000938,0.00042,6.9e-05,0.00424,0.058074,5.3e-05,0.018547,0.03456,1.604949,0.005709,0.028396
0.015319,0.013418,0.001075,0.00424,4.3e-05,0.000494,0.01558,0.000196,0.000661,1.53262,0.00126,0.001896
0.003068,0.0008,0.000478,0.001913,0.000154,3.3e-05,0.002409,3.7e-05,0.000146,6.555407,0.000244,5.3e-05
0.000271,0.000468,0.000987,0.001419,5.3e-05,0.000119,0.00225,0.000146,0.000291,4.503061,0.000211,0.000182
7e-06,7.4e-05,0.000533,2.7e-05,0.020487,0.012728,1.2e-05,0.006555,0.00045,7.722852,0.042328,0.006372
0.010133,0.001212,0.001303,0.003478,0.000423,0.000799,0.007207,0.000244,0.000211,4.232797,2.4e-05,0.000328
0.005048,0.001981,0.00432,0.002492,0.000123,1.9e-05,0.000633,5.3e-05,0.000182,6.372282,0.000328,3.4e-05
6e-06,0.000701,0.000629,0.000127,0.015319,0.071842,0.000562,0.01341,0.027119,6.77431,0.006283,0.06962
0.000701,0.000548,0.000109,0.000938,0.013418,0.059871,0.000169,0.003384,0.02274,3.717249,0.003009,0.001802
0.000629,0.000109,0.000902,0.00042,0.001075,0.000289,0.000697,0.001397,0.000789,5.256985,0.000583,0.002215
0.000127,0.000938,0.00042,6.9e-05,0.00424,0.058074,5.3e-05,0.018547,0.03456,1.604949,0.005709,0.028396
0.015319,0.013418,0.001075,0.00424,4.3e-05,0.000494,0.01558,0.000196,0.000661,1.53262,0.00126,0.001896
0.004361,0.001214,0.000734,0.004169,0.000121,0.000122,0.001376,3.2e-05,9.2e-05,3.677576,0.000166,0.000258
0.012132,0.002732,0.000279,0.005234,0.00092,0.000488,0.004143,9.2e-05,0.000151,3.907743,0.000225,0.000639
7.2e-05,8.4e-05,0.000247,3e-05,0.003029,0.00731,5e-06,0.003678,0.003908,6.497169,0.007368,0.00209
0.004283,0.00059,0.001424,0.007178,0.000445,0.000647,0.002424,0.000166,0.000225,7.36752,6.6e-05,0.00217
0.004595,0.00178,0.000827,0.011102,8.2e-05,0.000145,0.003557,0.000258,0.000639,2.090145,0.00217,2.5e-05
6e-06,0.000701,0.000629,0.000127,0.015319,0.071842,0.000562,0.01341,0.027119,6.8e-05,0.006283,0.06962
0.000701,0.000548,0.000109,0.000938,0.013418,0.059871,0.000169,0.003384,0.02274,0.000372,0.003009,0.001802
0.000629,0.000109,0.000902,0.00042,0.001075,0.000289,0.000697,0.001397,0.000789,0.000526,0.000583,0.002215
0.000127,0.000938,0.00042,6.9e-05,0.00424,0.058074,5.3e-05,0.018547,0.03456,1.6e-05,0.005709,0.028396
0.015319,0.013418,0.001075,0.00424,4.3e-05,0.000494,0.01558,0.000196,0.000661,0.015326,0.00126,0.001896
0.001098,0.001122,0.00011,0.001009,0.00028,7.7e-05,0.003332,0.000252,0.000105,0.002319,0.000269,5.3e-05
0.001879,0.000271,0.001418,0.001458,0.000545,0.00031,0.000708,0.000105,7e-05,0.002866,0.000196,0.000299
1e-05,0.000255,0.000197,7e-06,0.008499,0.006617,1.1e-05,0.002319,0.002866,2e-06,0.006893,0.010696
0.002453,0.000372,0.000508,0.001612,6.4e-05,0.000229,0.004186,0.000269,0.000196,0.006893,7.9e-05,0.000321
0.001695,0.003543,0.00188,0.004159,1.8e-05,0.000122,0.004928,5.3e-05,0.000299,0.010696,0.000321,1.7e-05
6e-06,0.000701,0.000629,0.000127,0.015319,0.071842,0.000562,0.01341,0.027119,6.8e-05,0.006283,0.06962
0.000701,0.000548,0.000109,0.000938,0.013418,0.059871,0.000169,0.003384,0.02274,0.000372,0.003009,0.001802
0.000629,0.000109,0.000902,0.00042,0.001075,0.000289,0.000697,0.001397,0.000789,0.000526,0.000583,0.002215
0.000127,0.000938,0.00042,6.9e-05,0.00424,0.058074,5.3e-05,0.018547,0.03456,1.6e-05,0.005709,0.028396
0.015319,0.013418,0.001075,0.00424,4.3e-05,0.000494,0.01558,0.000196,0.000661,0.015326,0.00126,0.001896
0.000584,0.002498,0.001342,0.000277,0.000191,6.1e-05,0.000326,1e-05,0.00027,0.002028,0.000526,3.8e-05
0.011306,0.000352,0.000144,0.008389,4.4e-05,0.00061,0.012933,0.00027,0.000138,0.002469,0.000362,0.000393
1.5e-05,0.000889,0.000178,6e-06,0.001127,0.003693,2e-06,0.002028,0.002469,3e-06,0.005867,0.010931
0.003239,0.001021,0.000122,0.000959,0.000356,7e-05,0.002079,0.000526,0.000362,0.005867,0.00022,0.000116
0.000675,0.00114,0.002249,0.001512,0.000539,6.9e-05,0.010892,3.8e-05,0.000393,0.010931,0.000116,5e-06
6e-06,0.000701,0.000629,0.000127,0.015319,0.071842,0.000562,0.01341,0.027119,6.77431,0.006283,0.06962
0.000701,0.000548,0.000109,0.000938,0.013418,0.059871,0.000169,0.003384,0.02274,3.717249,0.003009,0.001802
0.000629,0.000109,0.000902,0.00042,0.001075,0.000289,0.000697,0.001397,0.000789,5.256985,0.000583,0.002215
0.000127,0.000938,0.00042,6.9e-05,0.00424,0.058074,5.3e-05,0.018547,0.03456,1.604949,0.005709,0.028396
0.015319,0.013418,0.001075,0.00424,4.3e-05,0.000494,0.01558,0.000196,0.000661,1.53262,0.00126,0.001896
0.003996,0.000604,0.001286,0.00616,0.000469,0.000159,0.002895,0.000197,6e-05,6.41859,0.000105,4.7e-05
0.000212,0.000443,0.000691,0.000623,0.000188,0.000248,0.000425,6e-05,1e-05,3.504881,0.000141,4.8e-05
3e-06,8e-05,0.001567,1.7e-05,0.000905,0.007404,1e-06,0.006419,0.003505,5.765415,0.000867,0.010313
0.002439,0.000446,0.00069,0.001595,7.5e-05,0.000291,0.010827,0.000105,0.000141,8.669749,0.00018,4.9e-05
0.000505,0.000341,0.002554,0.001663,0.000121,0.000906,0.00261,4.7e-05,4.8e-05,1.031348,4.9e-05,1.7e-05
6e-06,0.000701,0.000629,0.000127,0.015319,0.071842,0.000562,0.01341,0.027119,6.77431,0.006283,0.06962
0.000701,0.000548,0.000109,0.000938,0.013418,0.059871,0.000169,0.003384,0.02274,3.717249,0.003009,0.001802
0.000629,0.000109,0.000902,0.00042,0.001075,0.000289,0.000697,0.001397,0.000789,5.256985,0.000583,0.002215
0.000127,0.000938,0.00042,6.9e-05,0.00424,0.058074,5.3e-05,0.018547,0.03456,1.604949,0.005709,0.028396
0.015319,0.013418,0.001075,0.00424,4.3e-05,0.000494,0.01558,0.000196,0.000661,1.53262,0.00126,0.001896
0.004653,0.000265,0.000178,0.000431,6.1e-05,0.000333,0.001165,3.6e-05,0.000674,7.018048,0.000322,3.7e-05
0.000975,0.000558,0.000479,0.002753,6.3e-05,0.0015,0.002064,0.000674,1.6e-05,4.6332,0.000218,0.000771
1.8e-05,0.000409,1.9e-05,2e-06,0.002486,0.002935,4.2e-05,0.000702,0.004633,8.994354,0.017376,0.006855
0.00239,0.017392,0.000254,0.010584,0.000238,0.000242,0.023323,0.000322,0.000218,1.737636,0.000281,0.00033
0.008033,0.005578,0.000343,0.007686,0.000334,0.000204,0.005485,3.7e-05,0.000771,6.855422,0.00033,2.4e-05
6e-06,0.000701,0.000629,0.000127,0.015319,0.071842,0.000562,0.01341,0.027119,6.77431,0.006283,0.06962
0.000701,0.000548,0.000109,0.000938,0.013418,0.059871,0.000169,0.003384,0.02274,3.717249,0.003009,0.001802
0.000629,0.000109,0.000902,0.00042,0.001075,0.000289,0.000697,0.001397,0.000789,5.256985,0.000583,0.002215
0.000127,0.000938,0.00042,6.9e-05,0.00424,0.058074,5.3e-05,0.018547,0.03456,1.604949,0.005709,0.028396
0.015319,0.013418,0.001075,0.00424,4.3e-05,0.000494,0.01558,0.000196,0.000661,1.53262,0.00126,0.001896
0.014965,0.00066,0.000734,0.004316,0.000594,0.000134,0.017938,5.1e-05,0.000359,5.077533,0.000273,7.2e-05
0.000725,9.7e-05,0.000877,0.000544,0.000156,0.00011,0.004568,0.000359,2.7e-05,2.89185,9.8e-05,0.000156
1.5e-05,0.000493,0.000163,2e-06,0.008377,0.000885,8e-06,0.005078,0.002892,8.938543,0.002073,0.008105
0.003005,0.001185,0.000118,0.000528,0.000139,0.000171,0.003084,0.000273,9.8e-05,2.07342,3.1e-05,0.000114
0.006737,0.001083,0.000288,0.004666,0.000191,0.000373,0.003645,7.2e-05,0.000156,8.104739,0.000114,4.8e-05
6e-06,0.000701,0.000629,0.000127,0.015319,0.071842,0.000562,0.01341,0.027119,6.77431,0.006283,0.06962
0.000701,0.000548,0.000109,0.000938,0.013418,0.059871,0.000169,0.003384,0.02274,3.717249,0.003009,0.001802
0.000629,0.000109,0.000902,0.00042,0.001075,0.000289,0.000697,0.001397,0.000789,5.256985,0.000583,0.002215
0.000127,0.000938,0.00042,6.9e-05,0.00424,0.058074,5.3e-05,0.018547,0.03456,1.604949,0.005709,0.028396
0.015319,0.013418,0.001075,0.00424,4.3e-05,0.000494,0.01558,0.000196,0.000661,1.53262,0.00126,0.001896
0.000733,0.000381,0.000161,0.002314,0.000136,9.9e-05,0.00036,1.1e-05,0.000182,1.284064,0.000533,2.1e-05
0.002634,0.000446,0.000818,0.004184,0.000766,0.000375,0.003564,0.000182,8.8e-05,3.716421,0.001433,0.000788
1.4e-05,8.3e-05,0.000282,1.1e-05,0.005308,0.000932,3.6e-05,0.001284,0.003716,7.498157,0.007053,0.003107
0.008267,0.000389,0.001659,0.008474,0.000336,0.000519,0.006605,0.000533,0.001433,7.052608,0.000168,0.000304
0.001377,0.001354,0.001334,0.00114,0.00022,0.000142,0.015375,2.1e-05,0.000788,3.106589,0.000304,2.2e-05
6e-06,0.000701,0.000629,0.000127,0.015319,0.071842,0.000562,0.01341,0.027119,6.77431,0.006283,0.06962
0.000701,0.000548,0.000109,0.000938,0.013418,0.059871,0.000169,0.003384,0.02274,3.717249,0.003009,0.001802
0.000629,0.000109,0.000902,0.00042,0.001075,0.000289,0.000697,0.001397,0.000789,5.256985,0.000583,0.002215
0.000127,0.000938,0.00042,6.9e-05,0.00424,0.058074,5.3e-05,0.018547,0.03456,1.604949,0.005709,0.028396
0.015319,0.013418,0.001075,0.00424,4.3e-05,0.000494,0.01558,0.000196,0.000661,1.53262,0.00126,0.001896
0.008963,0.000232,0.000509,0.001533,0.000311,0.000338,0.002058,9.3e-05,0.000317,8.799745,0.000167,8.7e-05
0.003165,0.000961,0.000729,0.003227,0.002643,0.000891,0.001827,0.000317,6.2e-05,6.126379,0.001759,0.001042
1.3e-05,5.7e-05,0.000103,3.5e-05,0.000872,0.002699,7e-06,0.0088,0.006126,6.733105,0.003687,0.000492
0.01186,0.000675,0.000816,0.002909,0.000181,0.000508,0.002694,0.000167,0.001759,3.686553,5.7e-05,7.8e-05
0.002361,0.000302,0.000768,0.00379,0.000154,7e-06,0.002688,8.7e-05,0.001042,4.919269,7.8e-05,2.5e-05
6e-06,0.000701,0.000629,0.000127,0.015319,0.071842,0.000562,0.01341,0.027119,6.8e-05,0.006283,0.06962
0.000701,0.000548,0.000109,0.000938,0.013418,0.059871,0.000169,0.003384,0.02274,0.000372,0.003009,0.001802
0.000629,0.000109,0.000902,0.00042,0.001075,0.000289,0.000697,0.001397,0.000789,0.000526,0.000583,0.002215
0.000127,0.000938,0.00042,6.9e-05,0.00424,0.058074,5.3e-05,0.018547,0.03456,1.6e-05,0.005709,0.028396
0.015319,0.013418,0.001075,0.00424,4.3e-05,0.000494,0.01558,0.000196,0.000661,0.015326,0.00126,0.001896
0.001498,0.002553,0.000243,0.0038,6.7e-05,0.000115,0.001392,3.5e-05,0.000261,0.000856,6.4e-05,0.000267
0.000511,0.000518,0.000171,0.001225,0.000333,0.00088,0.002218,0.000261,3e-06,0.002268,0.000222,0.000411
9.1e-05,6.7e-05,0.00027,3.5e-05,0.002601,0.00645,3.5e-05,0.000856,0.002268,2.3e-05,0.004577,0.002381
0.000225,0.000152,0.00035,0.001186,0.000243,0.000428,0.001542,6.4e-05,0.000222,0.004577,0.000139,7.5e-05
0.006632,0.008569,0.00334,0.027558,0.000212,0.000112,0.007257,0.000267,0.000411,0.002381,7.5e-05,2.4e-05
6e-06,0.000701,0.000629,0.000127,0.015319,0.071842,0.000562,0.01341,0.027119,6.77431,0.006283,0.06962
0.000701,0.000548,0.000109,0.000938,0.013418,0.059871,0.000169,0.003384,0.02274,3.717249,0.003009,0.001802
0.000629,0.000109,0.000902,0.00042,0.001075,0.000289,0.000697,0.001397,0.000789,5.256985,0.000583,0.002215
0.000127,0.000938,0.00042,6.9e-05,0.00424,0.058074,5.3e-05,0.018547,0.03456,1.604949,0.005709,0.028396
0.015319,0.013418,0.001075,0.00424,4.3e-05,0.000494,0.01558,0.000196,0.000661,1.53262,0.00126,0.001896
0.002567,0.000696,0.000566,0.00152,0.000713,9.4e-05,0.000414,9e-06,0.000107,1.435482,7.4e-05,3.5e-05
0.000662,0.000107,0.000342,0.000414,0.000122,0.000189,0.001006,0.000107,0.000146,2.881721,0.000152,0.000376
1.2e-05,0.000114,0.000244,7e-06,0.032022,0.00177,7e-06,0.001435,0.002882,4.482845,0.004697,0.004174
0.004624,0.001114,9.8e-05,0.001131,5.1e-05,0.001067,0.005029,7.4e-05,0.000152,4.696565,0.000202,0.00012
0.005874,0.001343,0.000981,0.002436,0.000128,5.4e-05,0.007826,3.5e-05,0.000376,4.174258,0.00012,1.8e-05
6e-06,0.000701,0.000629,0.000127,0.015319,0.071842,0.000562,0.01341,0.027119,6.8e-05,0.006283,0.06962
0.000701,0.000548,0.000109,0.000938,0.013418,0.059871,0.000169,0.003384,0.02274,0.000372,0.003009,0.001802
0.000629,0.000109,0.000902,0.00042,0.001075,0.000289,0.000697,0.001397,0.000789,0.000526,0.000583,0.002215
0.000127,0.000938,0.00042,6.9e-05,0.00424,0.058074,5.3e-05,0.018547,0.03456,1.6e-05,0.005709,0.028396
0.015319,0.013418,0.001075,0.00424,4.3e-05,0.000494,0.01558,0.000196,0.000661,0.015326,0.00126,0.001896
0.004542,0.000346,0.000522,0.000601,0.000247,0.000223,0.000315,3.9e-05,0.000902,0.000466,7.9e-05,6.1e-05
0.004187,2.8e-05,0.000546,0.001769,0.000399,0.000788,0.004347,0.000902,7.3e-05,0.005124,0.000233,0.001371
4e-06,0.00017,0.000666,9e-06,0.003296,0.004171,1e-05,0.000466,0.005124,1e-06,0.001715,0.00603
0.000457,8.4e-05,7.2e-05,0.001103,4.8e-05,5.4e-05,0.001741,7.9e-05,0.000233,0.001715,3.3e-05,2e-05
0.002167,0.000189,0.001257,0.0005,0.000123,0.000335,0.001977,6.1e-05,0.001371,0.00603,2e-05,1.2e-05
6e-06,0.000701,0.000629,0.000127,0.015319,0.071842,0.000562,0.01341,0.027119,6.77431,0.006283,0.06962
0.000701,0.000548,0.000109,0.000938,0.013418,0.059871,0.000169,0.003384,0.02274,3.717249,0.003009,0.001802
0.000629,0.000109,0.000902,0.00042,0.001075,0.000289,0.000697,0.001397,0.000789,5.256985,0.000583,0.002215
0.000127,0.000938,0.00042,6.9e-05,0.00424,0.058074,5.3e-05,0.018547,0.03456,1.604949,0.005709,0.028396
0.015319,0.013418,0.001075,0.00424,4.3e-05,0.000494,0.01558,0.000196,0.000661,1.53262,0.00126,0.001896
0.003623,0.000401,0.000269,0.00371,0.000186,0.000116,0.001932,6.6e-05,0.000195,1.843172,3.8e-05,5.1e-05
0.000622,0.00057,0.000145,0.001493,5.3e-05,0.000128,0.001982,0.000195,2.3e-05,1.250056,0.000381,0.000637
5e-06,0.000286,8e-06,1.6e-05,0.001885,0.000439,1e-05,0.001843,0.00125,3.877372,0.003215,0.002661
0.000919,0.000497,0.000437,0.001787,0.000107,0.000175,0.001677,3.8e-05,0.000381,3.214693,3.3e-05,5.2e-05
0.000945,0.001205,0.000535,0.001964,7.6e-05,8.8e-05,0.006061,5.1e-05,0.000637,2.660708,5.2e-05,3.2e-05
6e-06,0.000701,0.000629,0.000127,0.015319,0.01341,0.027119,6.77431,0.006283,0.06962,,
0.000701,0.000548,0.000109,0.000938,0.013418,0.003384,0.02274,3.717249,0.003009,0.001802,,
0.000629,0.000109,0.000902,0.00042,0.001075,0.001397,0.000789,5.256985,0.000583,0.002215,,
0.000127,0.000938,0.00042,6.9e-05,0.00424,0.018547,0.03456,1.604949,0.005709,0.028396,,
0.015319,0.013418,0.001075,0.00424,4.3e-05,0.000196,0.000661,1.53262,0.00126,0.001896,,
0.0048,0.000384,0.000262,0.00217,5e-05,4.1e-05,0.000347,2.844998,0.000117,1.8e-05,,
0.001891,0.000121,0.000848,0.001638,0.000246,0.000347,7.3e-05,5.576939,0.000164,0.000156,,
1.5e-05,0.0003,2.9e-05,9e-06,0.001884,0.002845,0.005577,1.38504,0.002686,0.001137,,
0.006545,0.000495,0.000383,0.002697,0.000157,0.000117,0.000164,2.685838,3.3e-05,0.000559,,
0.010991,0.000218,0.000151,0.000359,0.000179,1.8e-05,0.000156,1.137456,0.000559,1.1e-05,,
6e-06,0.000701,0.000629,0.000127,0.015319,0.071842,0.000562,0.01341,0.027119,6.77431,0.006283,0.06962
0.000701,0.000548,0.000109,0.000938,0.013418,0.059871,0.000169,0.003384,0.02274,3.717249,0.003009,0.001802
0.000629,0.000109,0.000902,0.00042,0.001075,0.000289,0.000697,0.001397,0.000789,5.256985,0.000583,0.002215
0.000127,0.000938,0.00042,6.9e-05,0.00424,0.058074,5.3e-05,0.018547,0.03456,1.604949,0.005709,0.028396
0.015319,0.013418,0.001075,0.00424,4.3e-05,0.000494,0.01558,0.000196,0.000661,1.53262,0.00126,0.001896
0.003445,0.002623,0.001212,0.002373,0.000675,0.000244,0.006529,4.3e-05,0.000646,3.474356,0.000409,0.000146
0.00213,0.00057,0.001516,0.000953,1.1e-05,0.000654,0.002641,0.000646,0.000415,4.59982,0.000362,0.000263
3e-06,8.7e-05,0.000172,6e-06,0.005833,0.004747,8e-06,0.003474,0.0046,3.820709,0.008876,0.001498
0.008561,0.000842,0.000345,0.010545,0.000121,0.000132,0.008019,0.000409,0.000362,8.875552,0.000227,0.000719
0.000396,0.001965,0.000441,0.000555,0.000175,0.000184,0.007194,0.000146,0.000263,1.498197,0.000719,4e-06
6e-06,0.000701,0.000629,0.000127,0.015319,0.071842,0.000562,0.01341,0.027119,6.77431,0.006283,0.06962
0.000701,0.000548,0.000109,0.000938,0.013418,0.059871,0.000169,0.003384,0.02274,3.717249,0.003009,0.001802
0.000629,0.000109,0.000902,0.00042,0.001075,0.000289,0.000697,0.001397,0.000789,5.256985,0.000583,0.002215
0.000127,0.000938,0.00042,6.9e-05,0.00424,0.058074,5.3e-05,0.018547,0.03456,1.604949,0.005709,0.028396
0.015319,0.013418,0.001075,0.00424,4.3e-05,0.000494,0.01558,0.000196,0.000661,1.53262,0.00126,0.001896
0.000145,0.001233,0.000714,0.002067,6.8e-05,2.3e-05,0.002663,3.7e-05,0.000317,1.746887,8.4e-05,5.4e-05
0.004089,0.000685,9.5e-05,0.002929,0.000155,0.000577,0.000451,0.000317,4.2e-05,2.713462,6.3e-05,0.000612
8e-06,0.000327,0.000282,2e-05,0.00146,0.001391,2e-06,0.001747,0.002713,9.341722,0.004413,0.001133
0.002004,0.001336,0.00129,0.000134,0.000391,6.2e-05,0.002228,8.4e-05,6.3e-05,4.413481,4.2e-05,9.6e-05
0.000361,0.000709,0.00093,0.003026,0.000426,2.1e-05,0.000805,5.4e-05,0.000612,1.133278,9.6e-05,9e-06
6e-06,0.000701,0.000629,0.000127,0.015319,0.071842,0.000562,0.01341,0.027119,6.8e-05,0.006283,0.06962
0.000701,0.000548,0.000109,0.000938,0.013418,0.059871,0.000169,0.003384,0.02274,0.000372,0.003009,0.001802
0.000629,0.000109,0.000902,0.00042,0.001075,0.000289,0.000697,0.001397,0.000789,0.000526,0.000583,0.002215
0.000127,0.000938,0.00042,6.9e-05,0.00424,0.058074,5.3e-05,0.018547,0.03456,1.6e-05,0.005709,0.028396
0.015319,0.013418,0.001075,0.00424,4.3e-05,0.000494,0.01558,0.000196,0.000661,0.015326,0.00126,0.001896
0.003172,0.00058,0.000315,0.001718,0.000125,0.000385,0.005514,7.8e-05,0.000746,0.004865,0.000218,0.000165
0.000249,0.001221,0.000584,0.00086,0.0001,0.000178,0.002227,0.000746,1.3e-05,0.002728,5.3e-05,0.00099
7e-06,5.2e-05,0.000114,6e-06,0.001121,0.006207,2e-06,0.004865,0.002728,2e-06,0.001336,0.003219
0.003252,0.000118,0.000968,0.000858,8e-05,4.8e-05,0.002454,0.000218,5.3e-05,0.001336,1e-05,7.1e-05
0.001855,0.000628,0.000995,0.001454,0.000131,0.000124,0.002822,0.000165,0.00099,0.003219,7.1e-05,2.1e-05
