0,1,2,3,4,5,6
,,,,,,
1e-05,0.000431,0.005721,0.000267,0.021092,0.016859,0.019372
0.000431,0.000199,0.020751,0.001854,0.001245,0.005473,0.001746
0.005721,0.020751,0.000263,0.000233,0.001917,0.000292,0.003744
0.000267,0.001854,0.000233,7.3e-05,0.010269,0.001158,0.005494
0.021092,0.001245,0.001917,0.010269,0.000282,0.001924,0.001698
0.016859,0.005473,0.000292,0.001158,0.001924,0.000425,0.001084
0.019372,0.001746,0.003744,0.005494,0.001698,0.001084,0.000598
0.039672,0.005398,0.006874,0.010386,0.001437,0.002079,0.000487
5.2e-05,0.000454,0.016633,4.5e-05,0.008651,0.025312,0.013777
0.05109,0.003493,0.002615,0.005303,0.004006,0.009743,0.000405
0.014627,0.000317,0.003099,0.000762,0.000554,0.001248,0.000293
2e-05,0.000505,0.013027,0.000148,0.008792,0.055268,0.031632
0.004207,0.018901,0.003812,0.002381,0.002704,0.000533,0.00041
0.009914,0.010154,0.008662,0.006827,0.00064,0.00767,0.000334
,,,,,,
0.039672,5.2e-05,0.05109,0.014627,2e-05,0.004207,0.009914
0.005398,0.000454,0.003493,0.000317,0.000505,0.018901,0.010154
0.006874,0.016633,0.002615,0.003099,0.013027,0.003812,0.008662
0.010386,4.5e-05,0.005303,0.000762,0.000148,0.002381,0.006827
0.001437,0.008651,0.004006,0.000554,0.008792,0.002704,0.00064
0.002079,0.025312,0.009743,0.001248,0.055268,0.000533,0.00767
0.000487,0.013777,0.000405,0.000293,0.031632,0.00041,0.000334
2.3e-05,0.014394,0.000385,0.002407,0.024428,0.000218,0.000348
0.014394,4.1e-05,0.004001,0.008833,1.7e-05,0.017879,0.021229
0.000385,0.004001,0.000371,0.00087,0.023951,0.026444,0.000366
0.002407,0.008833,0.00087,0.000124,0.006994,0.000503,0.000603
0.024428,1.7e-05,0.023951,0.006994,2.4e-05,0.02504,0.041268
0.000218,0.017879,0.026444,0.000503,0.02504,3.9e-05,0.003087
0.000348,0.021229,0.000366,0.000603,0.041268,0.003087,0.00035
,,,,,,
1e-05,0.000431,0.005721,0.000267,0.021092,0.016859,0.019372
0.000431,0.000199,0.020751,0.001854,0.001245,0.005473,0.001746
0.005721,0.020751,0.000263,0.000233,0.001917,0.000292,0.003744
0.000267,0.001854,0.000233,7.3e-05,0.010269,0.001158,0.005494
0.021092,0.001245,0.001917,0.010269,0.000282,0.001924,0.001698
0.016859,0.005473,0.000292,0.001158,0.001924,0.000425,0.001084
0.019372,0.001746,0.003744,0.005494,0.001698,0.001084,0.000598
0.039672,0.005398,0.006874,0.010386,0.001437,0.002079,0.000487
5.2e-05,0.000454,0.016633,4.5e-05,0.008651,0.025312,0.013777
0.05109,0.003493,0.002615,0.005303,0.004006,0.009743,0.000405
0.014627,0.000317,0.003099,0.000762,0.000554,0.001248,0.000293
2e-05,0.000505,0.013027,0.000148,0.008792,0.055268,0.031632
0.004207,0.018901,0.003812,0.002381,0.002704,0.000533,0.00041
0.009914,0.010154,0.008662,0.006827,0.00064,0.00767,0.000334
2.1e-05,0.000294,0.001712,6.5e-05,0.007882,0.013518,0.005113
0.000294,0.000406,0.001776,0.000554,0.001979,0.002619,0.004222
0.001712,0.001776,0.00044,0.000398,0.003384,0.002073,0.008406
6.5e-05,0.000554,0.000398,0.000119,0.004445,0.002177,0.009879
0.007882,0.001979,0.003384,0.004445,0.000666,0.001777,0.003487
0.013518,0.002619,0.002073,0.002177,0.001777,0.000718,0.000753
0.005113,0.004222,0.008406,0.009879,0.003487,0.000753,3.6e-05
0.005971,0.004922,0.00616,0.010629,0.001788,0.000186,8e-05
2.4e-05,0.000496,0.000642,0.000158,0.012493,0.004135,0.019512
0.004546,0.000797,0.006258,0.006355,0.001484,9.1e-05,0.000387
0.017008,0.001306,0.004603,0.001006,0.001869,0.000192,9.5e-05
7e-06,0.000772,0.000567,0.000123,0.024334,0.01231,0.00489
0.008979,0.004502,0.001653,0.007506,0.007378,0.002982,0.001103
0.01953,0.00214,0.002773,0.026031,0.007749,0.000199,5.2e-05
,,,,,,
0.039672,5.2e-05,0.05109,0.014627,1.961605,0.004207,0.009914
0.005398,0.000454,0.003493,0.000317,5.05476,0.018901,0.010154
0.006874,0.016633,0.002615,0.003099,1.302657,0.003812,0.008662
0.010386,4.5e-05,0.005303,0.000762,1.484872,0.002381,0.006827
0.001437,0.008651,0.004006,0.000554,8.791687,0.002704,0.00064
0.002079,0.025312,0.009743,0.001248,5.526798,0.000533,0.00767
0.000487,0.013777,0.000405,0.000293,3.163223,0.00041,0.000334
2.3e-05,0.014394,0.000385,0.002407,2.442803,0.000218,0.000348
0.014394,4.1e-05,0.004001,0.008833,1.677632,0.017879,0.021229
0.000385,0.004001,0.000371,0.00087,2.395082,0.026444,0.000366
0.002407,0.008833,0.00087,0.000124,6.993723,0.000503,0.000603
0.024428,1.7e-05,0.023951,0.006994,2.36441,0.02504,0.041268
0.000218,0.017879,0.026444,0.000503,2.503982,3.9e-05,0.003087
0.000348,0.021229,0.000366,0.000603,4.126843,0.003087,0.00035
0.005971,2.4e-05,0.004546,0.017008,6.894443,0.008979,0.01953
0.004922,0.000496,0.000797,0.001306,7.721121,0.004502,0.00214
0.00616,0.000642,0.006258,0.004603,5.671971,0.001653,0.002773
0.010629,0.000158,0.006355,0.001006,1.227728,0.007506,0.026031
0.001788,0.012493,0.001484,0.001869,2.43343,0.007378,0.007749
0.000186,0.004135,9.1e-05,0.000192,1.230979,0.002982,0.000199
8e-05,0.019512,0.000387,9.5e-05,4.890351,0.001103,5.2e-05
2.3e-05,0.002656,0.000291,0.000259,5.435422,0.00235,0.000156
0.002656,1.1e-05,0.003646,0.002811,1.109587,0.036332,0.022089
0.000291,0.003646,0.000104,0.002101,1.219898,0.000975,0.00021
0.000259,0.002811,0.002101,0.000443,3.469867,0.010066,0.000421
0.005435,1e-06,0.00122,0.00347,4.36798,0.029514,0.028944
0.00235,0.036332,0.000975,0.010066,2.951423,0.000126,0.004148
0.000156,0.022089,0.00021,0.000421,2.894422,0.004148,5.7e-05
,,,,,,
1e-05,0.000431,0.005721,0.000267,0.021092,0.016859,0.019372
0.000431,0.000199,0.020751,0.001854,0.001245,0.005473,0.001746
0.005721,0.020751,0.000263,0.000233,0.001917,0.000292,0.003744
0.000267,0.001854,0.000233,7.3e-05,0.010269,0.001158,0.005494
0.021092,0.001245,0.001917,0.010269,0.000282,0.001924,0.001698
0.016859,0.005473,0.000292,0.001158,0.001924,0.000425,0.001084
0.019372,0.001746,0.003744,0.005494,0.001698,0.001084,0.000598
0.039672,0.005398,0.006874,0.010386,0.001437,0.002079,0.000487
5.2e-05,0.000454,0.016633,4.5e-05,0.008651,0.025312,0.013777
0.05109,0.003493,0.002615,0.005303,0.004006,0.009743,0.000405
0.014627,0.000317,0.003099,0.000762,0.000554,0.001248,0.000293
2e-05,0.000505,0.013027,0.000148,0.008792,0.055268,0.031632
0.004207,0.018901,0.003812,0.002381,0.002704,0.000533,0.00041
0.009914,0.010154,0.008662,0.006827,0.00064,0.00767,0.000334
2.1e-05,0.000294,0.001712,6.5e-05,0.007882,0.013518,0.005113
0.000294,0.000406,0.001776,0.000554,0.001979,0.002619,0.004222
0.001712,0.001776,0.00044,0.000398,0.003384,0.002073,0.008406
6.5e-05,0.000554,0.000398,0.000119,0.004445,0.002177,0.009879
0.007882,0.001979,0.003384,0.004445,0.000666,0.001777,0.003487
0.013518,0.002619,0.002073,0.002177,0.001777,0.000718,0.000753
0.005113,0.004222,0.008406,0.009879,0.003487,0.000753,3.6e-05
0.005971,0.004922,0.00616,0.010629,0.001788,0.000186,8e-05
2.4e-05,0.000496,0.000642,0.000158,0.012493,0.004135,0.019512
0.004546,0.000797,0.006258,0.006355,0.001484,9.1e-05,0.000387
0.017008,0.001306,0.004603,0.001006,0.001869,0.000192,9.5e-05
7e-06,0.000772,0.000567,0.000123,0.024334,0.01231,0.00489
0.008979,0.004502,0.001653,0.007506,0.007378,0.002982,0.001103
0.01953,0.00214,0.002773,0.026031,0.007749,0.000199,5.2e-05
3.8e-05,0.000399,0.000547,8.6e-05,0.024769,0.007198,0.012301
0.000399,0.000426,0.001461,0.000443,0.006898,0.000486,0.00928
0.000547,0.001461,0.000273,0.000298,0.002066,0.005625,0.004817
8.6e-05,0.000443,0.000298,4.6e-05,0.038043,0.006024,0.068444
0.024769,0.006898,0.002066,0.038043,3.7e-05,0.002034,4.8e-05
0.007198,0.000486,0.005625,0.006024,0.002034,0.001138,0.000413
0.012301,0.00928,0.004817,0.068444,4.8e-05,0.000413,7.5e-05
0.009901,0.001458,0.005426,0.012183,0.000247,0.001255,6.8e-05
0.000233,0.010962,0.00698,3e-05,0.013805,0.015097,0.017486
0.005185,0.001333,0.003331,0.047995,9e-05,0.000313,0.000299
0.001693,0.000372,0.003078,0.003241,0.000159,0.000539,0.000276
0.000503,0.001649,0.002991,3e-05,0.025954,0.012689,0.009411
0.015831,0.001438,0.003181,0.01083,0.011504,0.000865,0.001542
0.015354,0.001088,0.015326,0.031635,0.000128,0.00054,0.000135
,,,,,,
0.039672,5.2e-05,0.05109,0.014627,1.961605,0.004207,0.009914
0.005398,0.000454,0.003493,0.000317,5.05476,0.018901,0.010154
0.006874,0.016633,0.002615,0.003099,1.302657,0.003812,0.008662
0.010386,4.5e-05,0.005303,0.000762,1.484872,0.002381,0.006827
0.001437,0.008651,0.004006,0.000554,8.791687,0.002704,0.00064
0.002079,0.025312,0.009743,0.001248,5.526798,0.000533,0.00767
0.000487,0.013777,0.000405,0.000293,3.163223,0.00041,0.000334
2.3e-05,0.014394,0.000385,0.002407,2.442803,0.000218,0.000348
0.014394,4.1e-05,0.004001,0.008833,1.677632,0.017879,0.021229
0.000385,0.004001,0.000371,0.00087,2.395082,0.026444,0.000366
0.002407,0.008833,0.00087,0.000124,6.993723,0.000503,0.000603
0.024428,1.7e-05,0.023951,0.006994,2.36441,0.02504,0.041268
0.000218,0.017879,0.026444,0.000503,2.503982,3.9e-05,0.003087
0.000348,0.021229,0.000366,0.000603,4.126843,0.003087,0.00035
0.005971,2.4e-05,0.004546,0.017008,6.894443,0.008979,0.01953
0.004922,0.000496,0.000797,0.001306,7.721121,0.004502,0.00214
0.00616,0.000642,0.006258,0.004603,5.671971,0.001653,0.002773
0.010629,0.000158,0.006355,0.001006,1.227728,0.007506,0.026031
0.001788,0.012493,0.001484,0.001869,2.43343,0.007378,0.007749
0.000186,0.004135,9.1e-05,0.000192,1.230979,0.002982,0.000199
8e-05,0.019512,0.000387,9.5e-05,4.890351,0.001103,5.2e-05
2.3e-05,0.002656,0.000291,0.000259,5.435422,0.00235,0.000156
0.002656,1.1e-05,0.003646,0.002811,1.109587,0.036332,0.022089
0.000291,0.003646,0.000104,0.002101,1.219898,0.000975,0.00021
0.000259,0.002811,0.002101,0.000443,3.469867,0.010066,0.000421
0.005435,1e-06,0.00122,0.00347,4.36798,0.029514,0.028944
0.00235,0.036332,0.000975,0.010066,2.951423,0.000126,0.004148
0.000156,0.022089,0.00021,0.000421,2.894422,0.004148,5.7e-05
0.009901,0.000233,0.005185,0.001693,5.02955,0.015831,0.015354
0.001458,0.010962,0.001333,0.000372,1.649464,0.001438,0.001088
0.005426,0.00698,0.003331,0.003078,2.990501,0.003181,0.015326
0.012183,3e-05,0.047995,0.003241,2.961266,0.01083,0.031635
0.000247,0.013805,9e-05,0.000159,2.595397,0.011504,0.000128
0.001255,0.015097,0.000313,0.000539,1.268912,0.000865,0.00054
6.8e-05,0.017486,0.000299,0.000276,9.410966,0.001542,0.000135
1.7e-05,0.018338,0.000224,0.000208,1.301676,0.00368,0.000135
0.018338,6.1e-05,0.002686,0.002461,4.561283,0.011512,0.004382
0.000224,0.002686,0.000261,0.00025,5.637278,0.001303,0.000415
0.000208,0.002461,0.00025,0.001076,3.254042,0.001014,0.000432
0.013017,0.000456,0.005637,0.003254,2.668599,0.021705,0.014421
0.00368,0.011512,0.001303,0.001014,2.170494,0.000259,0.006137
0.000135,0.004382,0.000415,0.000432,1.442055,0.006137,7e-06
,,,,,,
1e-05,0.000431,0.005721,0.000267,0.021092,0.016859,0.019372
0.000431,0.000199,0.020751,0.001854,0.001245,0.005473,0.001746
0.005721,0.020751,0.000263,0.000233,0.001917,0.000292,0.003744
0.000267,0.001854,0.000233,7.3e-05,0.010269,0.001158,0.005494
0.021092,0.001245,0.001917,0.010269,0.000282,0.001924,0.001698
0.016859,0.005473,0.000292,0.001158,0.001924,0.000425,0.001084
0.019372,0.001746,0.003744,0.005494,0.001698,0.001084,0.000598
0.039672,0.005398,0.006874,0.010386,0.001437,0.002079,0.000487
5.2e-05,0.000454,0.016633,4.5e-05,0.008651,0.025312,0.013777
0.05109,0.003493,0.002615,0.005303,0.004006,0.009743,0.000405
0.014627,0.000317,0.003099,0.000762,0.000554,0.001248,0.000293
2e-05,0.000505,0.013027,0.000148,0.008792,0.055268,0.031632
0.004207,0.018901,0.003812,0.002381,0.002704,0.000533,0.00041
0.009914,0.010154,0.008662,0.006827,0.00064,0.00767,0.000334
2.1e-05,0.000294,0.001712,6.5e-05,0.007882,0.013518,0.005113
0.000294,0.000406,0.001776,0.000554,0.001979,0.002619,0.004222
0.001712,0.001776,0.00044,0.000398,0.003384,0.002073,0.008406
6.5e-05,0.000554,0.000398,0.000119,0.004445,0.002177,0.009879
0.007882,0.001979,0.003384,0.004445,0.000666,0.001777,0.003487
0.013518,0.002619,0.002073,0.002177,0.001777,0.000718,0.000753
0.005113,0.004222,0.008406,0.009879,0.003487,0.000753,3.6e-05
0.005971,0.004922,0.00616,0.010629,0.001788,0.000186,8e-05
2.4e-05,0.000496,0.000642,0.000158,0.012493,0.004135,0.019512
0.004546,0.000797,0.006258,0.006355,0.001484,9.1e-05,0.000387
0.017008,0.001306,0.004603,0.001006,0.001869,0.000192,9.5e-05
7e-06,0.000772,0.000567,0.000123,0.024334,0.01231,0.00489
0.008979,0.004502,0.001653,0.007506,0.007378,0.002982,0.001103
0.01953,0.00214,0.002773,0.026031,0.007749,0.000199,5.2e-05
3.8e-05,0.000399,0.000547,8.6e-05,0.024769,0.007198,0.012301
0.000399,0.000426,0.001461,0.000443,0.006898,0.000486,0.00928
0.000547,0.001461,0.000273,0.000298,0.002066,0.005625,0.004817
8.6e-05,0.000443,0.000298,4.6e-05,0.038043,0.006024,0.068444
0.024769,0.006898,0.002066,0.038043,3.7e-05,0.002034,4.8e-05
0.007198,0.000486,0.005625,0.006024,0.002034,0.001138,0.000413
0.012301,0.00928,0.004817,0.068444,4.8e-05,0.000413,7.5e-05
0.009901,0.001458,0.005426,0.012183,0.000247,0.001255,6.8e-05
0.000233,0.010962,0.00698,3e-05,0.013805,0.015097,0.017486
0.005185,0.001333,0.003331,0.047995,9e-05,0.000313,0.000299
0.001693,0.000372,0.003078,0.003241,0.000159,0.000539,0.000276
0.000503,0.001649,0.002991,3e-05,0.025954,0.012689,0.009411
0.015831,0.001438,0.003181,0.01083,0.011504,0.000865,0.001542
0.015354,0.001088,0.015326,0.031635,0.000128,0.00054,0.000135
1.2e-05,0.000298,0.000296,0.000265,0.000777,0.055105,0.001752
0.000298,0.000158,0.00036,0.000455,0.002162,0.019062,0.001256
0.000296,0.00036,0.000221,0.000429,0.000224,0.014074,0.000623
0.000265,0.000455,0.000429,3.1e-05,0.003289,0.10475,0.004257
0.000777,0.002162,0.000224,0.003289,0.000701,0.000179,8.8e-05
0.055105,0.019062,0.014074,0.10475,0.000179,0.000404,0.000654
0.001752,0.001256,0.000623,0.004257,8.8e-05,0.000654,3.6e-05
0.002187,0.004848,0.001117,0.003018,0.001056,0.000444,0.000827
2.1e-05,9.7e-05,0.000145,1.1e-05,0.004602,0.037001,0.003068
0.00224,0.007577,0.000714,0.028744,0.001118,0.000612,3e-05
0.000519,0.000863,0.001919,0.001012,0.000417,0.000185,0.000417
3.5e-05,0.000219,0.000139,3.8e-05,0.003245,0.057015,0.00471
0.007064,0.00673,0.01402,0.019917,0.00019,0.001492,0.000364
0.003268,0.000744,0.004782,0.016164,0.000178,0.000456,0.000148
,,,,,,
0.039672,5.2e-05,0.05109,0.014627,1.961605,0.004207,0.009914
0.005398,0.000454,0.003493,0.000317,5.05476,0.018901,0.010154
0.006874,0.016633,0.002615,0.003099,1.302657,0.003812,0.008662
0.010386,4.5e-05,0.005303,0.000762,1.484872,0.002381,0.006827
0.001437,0.008651,0.004006,0.000554,8.791687,0.002704,0.00064
0.002079,0.025312,0.009743,0.001248,5.526798,0.000533,0.00767
0.000487,0.013777,0.000405,0.000293,3.163223,0.00041,0.000334
2.3e-05,0.014394,0.000385,0.002407,2.442803,0.000218,0.000348
0.014394,4.1e-05,0.004001,0.008833,1.677632,0.017879,0.021229
0.000385,0.004001,0.000371,0.00087,2.395082,0.026444,0.000366
0.002407,0.008833,0.00087,0.000124,6.993723,0.000503,0.000603
0.024428,1.7e-05,0.023951,0.006994,2.36441,0.02504,0.041268
0.000218,0.017879,0.026444,0.000503,2.503982,3.9e-05,0.003087
0.000348,0.021229,0.000366,0.000603,4.126843,0.003087,0.00035
0.005971,2.4e-05,0.004546,0.017008,6.894443,0.008979,0.01953
0.004922,0.000496,0.000797,0.001306,7.721121,0.004502,0.00214
0.00616,0.000642,0.006258,0.004603,5.671971,0.001653,0.002773
0.010629,0.000158,0.006355,0.001006,1.227728,0.007506,0.026031
0.001788,0.012493,0.001484,0.001869,2.43343,0.007378,0.007749
0.000186,0.004135,9.1e-05,0.000192,1.230979,0.002982,0.000199
8e-05,0.019512,0.000387,9.5e-05,4.890351,0.001103,5.2e-05
2.3e-05,0.002656,0.000291,0.000259,5.435422,0.00235,0.000156
0.002656,1.1e-05,0.003646,0.002811,1.109587,0.036332,0.022089
0.000291,0.003646,0.000104,0.002101,1.219898,0.000975,0.00021
0.000259,0.002811,0.002101,0.000443,3.469867,0.010066,0.000421
0.005435,1e-06,0.00122,0.00347,4.36798,0.029514,0.028944
0.00235,0.036332,0.000975,0.010066,2.951423,0.000126,0.004148
0.000156,0.022089,0.00021,0.000421,2.894422,0.004148,5.7e-05
0.009901,0.000233,0.005185,0.001693,5.02955,0.015831,0.015354
0.001458,0.010962,0.001333,0.000372,1.649464,0.001438,0.001088
0.005426,0.00698,0.003331,0.003078,2.990501,0.003181,0.015326
0.012183,3e-05,0.047995,0.003241,2.961266,0.01083,0.031635
0.000247,0.013805,9e-05,0.000159,2.595397,0.011504,0.000128
0.001255,0.015097,0.000313,0.000539,1.268912,0.000865,0.00054
6.8e-05,0.017486,0.000299,0.000276,9.410966,0.001542,0.000135
1.7e-05,0.018338,0.000224,0.000208,1.301676,0.00368,0.000135
0.018338,6.1e-05,0.002686,0.002461,4.561283,0.011512,0.004382
0.000224,0.002686,0.000261,0.00025,5.637278,0.001303,0.000415
0.000208,0.002461,0.00025,0.001076,3.254042,0.001014,0.000432
0.013017,0.000456,0.005637,0.003254,2.668599,0.021705,0.014421
0.00368,0.011512,0.001303,0.001014,2.170494,0.000259,0.006137
0.000135,0.004382,0.000415,0.000432,1.442055,0.006137,7e-06
0.002187,2.1e-05,0.00224,0.000519,3.537821,0.007064,0.003268
0.004848,9.7e-05,0.007577,0.000863,2.187481,0.00673,0.000744
0.001117,0.000145,0.000714,0.001919,1.393643,0.01402,0.004782
0.003018,1.1e-05,0.028744,0.001012,3.77903,0.019917,0.016164
0.001056,0.004602,0.001118,0.000417,3.244698,0.00019,0.000178
0.000444,0.037001,0.000612,0.000185,5.70147,0.001492,0.000456
0.000827,0.003068,3e-05,0.000417,4.710471,0.000364,0.000148
0.000137,0.069229,3.4e-05,0.002563,6.13536,0.000286,0.000442
0.069229,6.6e-05,0.008611,0.002802,1.755873,0.007156,0.00806
3.4e-05,0.008611,2.2e-05,0.000192,8.692146,0.000153,4.8e-05
0.002563,0.002802,0.000192,0.000197,3.994197,0.00176,0.000559
0.061354,1.8e-05,0.008692,0.003994,3.273334,0.011211,0.003387
0.000286,0.007156,0.000153,0.00176,1.121092,9.7e-05,0.000322
0.000442,0.00806,4.8e-05,0.000559,3.387348,0.000322,2.3e-05
,,,,,,
1e-05,0.000431,0.005721,0.000267,0.021092,0.016859,0.019372
0.000431,0.000199,0.020751,0.001854,0.001245,0.005473,0.001746
0.005721,0.020751,0.000263,0.000233,0.001917,0.000292,0.003744
0.000267,0.001854,0.000233,7.3e-05,0.010269,0.001158,0.005494
0.021092,0.001245,0.001917,0.010269,0.000282,0.001924,0.001698
0.016859,0.005473,0.000292,0.001158,0.001924,0.000425,0.001084
0.019372,0.001746,0.003744,0.005494,0.001698,0.001084,0.000598
0.039672,0.005398,0.006874,0.010386,0.001437,0.002079,0.000487
5.2e-05,0.000454,0.016633,4.5e-05,0.008651,0.025312,0.013777
0.05109,0.003493,0.002615,0.005303,0.004006,0.009743,0.000405
0.014627,0.000317,0.003099,0.000762,0.000554,0.001248,0.000293
2e-05,0.000505,0.013027,0.000148,0.008792,0.055268,0.031632
0.004207,0.018901,0.003812,0.002381,0.002704,0.000533,0.00041
0.009914,0.010154,0.008662,0.006827,0.00064,0.00767,0.000334
2.1e-05,0.000294,0.001712,6.5e-05,0.007882,0.013518,0.005113
0.000294,0.000406,0.001776,0.000554,0.001979,0.002619,0.004222
0.001712,0.001776,0.00044,0.000398,0.003384,0.002073,0.008406
6.5e-05,0.000554,0.000398,0.000119,0.004445,0.002177,0.009879
0.007882,0.001979,0.003384,0.004445,0.000666,0.001777,0.003487
0.013518,0.002619,0.002073,0.002177,0.001777,0.000718,0.000753
0.005113,0.004222,0.008406,0.009879,0.003487,0.000753,3.6e-05
0.005971,0.004922,0.00616,0.010629,0.001788,0.000186,8e-05
2.4e-05,0.000496,0.000642,0.000158,0.012493,0.004135,0.019512
0.004546,0.000797,0.006258,0.006355,0.001484,9.1e-05,0.000387
0.017008,0.001306,0.004603,0.001006,0.001869,0.000192,9.5e-05
7e-06,0.000772,0.000567,0.000123,0.024334,0.01231,0.00489
0.008979,0.004502,0.001653,0.007506,0.007378,0.002982,0.001103
0.01953,0.00214,0.002773,0.026031,0.007749,0.000199,5.2e-05
3.8e-05,0.000399,0.000547,8.6e-05,0.024769,0.007198,0.012301
0.000399,0.000426,0.001461,0.000443,0.006898,0.000486,0.00928
0.000547,0.001461,0.000273,0.000298,0.002066,0.005625,0.004817
8.6e-05,0.000443,0.000298,4.6e-05,0.038043,0.006024,0.068444
0.024769,0.006898,0.002066,0.038043,3.7e-05,0.002034,4.8e-05
0.007198,0.000486,0.005625,0.006024,0.002034,0.001138,0.000413
0.012301,0.00928,0.004817,0.068444,4.8e-05,0.000413,7.5e-05
0.009901,0.001458,0.005426,0.012183,0.000247,0.001255,6.8e-05
0.000233,0.010962,0.00698,3e-05,0.013805,0.015097,0.017486
0.005185,0.001333,0.003331,0.047995,9e-05,0.000313,0.000299
0.001693,0.000372,0.003078,0.003241,0.000159,0.000539,0.000276
0.000503,0.001649,0.002991,3e-05,0.025954,0.012689,0.009411
0.015831,0.001438,0.003181,0.01083,0.011504,0.000865,0.001542
0.015354,0.001088,0.015326,0.031635,0.000128,0.00054,0.000135
1.2e-05,0.000298,0.000296,0.000265,0.000777,0.055105,0.001752
0.000298,0.000158,0.00036,0.000455,0.002162,0.019062,0.001256
0.000296,0.00036,0.000221,0.000429,0.000224,0.014074,0.000623
0.000265,0.000455,0.000429,3.1e-05,0.003289,0.10475,0.004257
0.000777,0.002162,0.000224,0.003289,0.000701,0.000179,8.8e-05
0.055105,0.019062,0.014074,0.10475,0.000179,0.000404,0.000654
0.001752,0.001256,0.000623,0.004257,8.8e-05,0.000654,3.6e-05
0.002187,0.004848,0.001117,0.003018,0.001056,0.000444,0.000827
2.1e-05,9.7e-05,0.000145,1.1e-05,0.004602,0.037001,0.003068
0.00224,0.007577,0.000714,0.028744,0.001118,0.000612,3e-05
0.000519,0.000863,0.001919,0.001012,0.000417,0.000185,0.000417
3.5e-05,0.000219,0.000139,3.8e-05,0.003245,0.057015,0.00471
0.007064,0.00673,0.01402,0.019917,0.00019,0.001492,0.000364
0.003268,0.000744,0.004782,0.016164,0.000178,0.000456,0.000148
2.4e-05,0.000111,0.009761,3.5e-05,0.004549,0.001207,0.008887
0.000111,0.000142,0.000407,0.001611,0.000715,0.002081,0.004167
0.009761,0.000407,6.7e-05,0.010033,0.002367,0.001404,0.000276
3.5e-05,0.001611,0.010033,6.9e-05,0.000582,0.002345,0.032404
0.004549,0.000715,0.002367,0.000582,0.000172,0.000227,6.3e-05
0.001207,0.002081,0.001404,0.002345,0.000227,7.9e-05,0.001271
0.008887,0.004167,0.000276,0.032404,6.3e-05,0.001271,1.6e-05
0.004408,0.008659,0.003783,0.01618,0.000477,0.000647,9.7e-05
0.000688,0.000306,0.000493,0.003027,0.003882,0.002919,0.010039
0.003346,0.003733,0.006342,0.003158,0.000345,0.0002,0.000543
0.003595,0.011486,0.000813,0.000884,0.000469,0.001349,0.000655
4.5e-05,0.000595,0.008259,0.000139,0.036902,0.00415,0.010509
0.007187,0.000517,0.000303,0.007101,0.001443,0.001867,0.000557
0.01209,0.001978,0.002016,0.027573,0.000686,0.002374,0.000755
,,,,,,
0.039672,5.2e-05,0.05109,0.014627,1.961605,0.004207,0.009914
0.005398,0.000454,0.003493,0.000317,5.05476,0.018901,0.010154
0.006874,0.016633,0.002615,0.003099,1.302657,0.003812,0.008662
0.010386,4.5e-05,0.005303,0.000762,1.484872,0.002381,0.006827
0.001437,0.008651,0.004006,0.000554,8.791687,0.002704,0.00064
0.002079,0.025312,0.009743,0.001248,5.526798,0.000533,0.00767
0.000487,0.013777,0.000405,0.000293,3.163223,0.00041,0.000334
2.3e-05,0.014394,0.000385,0.002407,2.442803,0.000218,0.000348
0.014394,4.1e-05,0.004001,0.008833,1.677632,0.017879,0.021229
0.000385,0.004001,0.000371,0.00087,2.395082,0.026444,0.000366
0.002407,0.008833,0.00087,0.000124,6.993723,0.000503,0.000603
0.024428,1.7e-05,0.023951,0.006994,2.36441,0.02504,0.041268
0.000218,0.017879,0.026444,0.000503,2.503982,3.9e-05,0.003087
0.000348,0.021229,0.000366,0.000603,4.126843,0.003087,0.00035
0.005971,2.4e-05,0.004546,0.017008,6.894443,0.008979,0.01953
0.004922,0.000496,0.000797,0.001306,7.721121,0.004502,0.00214
0.00616,0.000642,0.006258,0.004603,5.671971,0.001653,0.002773
0.010629,0.000158,0.006355,0.001006,1.227728,0.007506,0.026031
0.001788,0.012493,0.001484,0.001869,2.43343,0.007378,0.007749
0.000186,0.004135,9.1e-05,0.000192,1.230979,0.002982,0.000199
8e-05,0.019512,0.000387,9.5e-05,4.890351,0.001103,5.2e-05
2.3e-05,0.002656,0.000291,0.000259,5.435422,0.00235,0.000156
0.002656,1.1e-05,0.003646,0.002811,1.109587,0.036332,0.022089
0.000291,0.003646,0.000104,0.002101,1.219898,0.000975,0.00021
0.000259,0.002811,0.002101,0.000443,3.469867,0.010066,0.000421
0.005435,1e-06,0.00122,0.00347,4.36798,0.029514,0.028944
0.00235,0.036332,0.000975,0.010066,2.951423,0.000126,0.004148
0.000156,0.022089,0.00021,0.000421,2.894422,0.004148,5.7e-05
0.009901,0.000233,0.005185,0.001693,5.02955,0.015831,0.015354
0.001458,0.010962,0.001333,0.000372,1.649464,0.001438,0.001088
0.005426,0.00698,0.003331,0.003078,2.990501,0.003181,0.015326
0.012183,3e-05,0.047995,0.003241,2.961266,0.01083,0.031635
0.000247,0.013805,9e-05,0.000159,2.595397,0.011504,0.000128
0.001255,0.015097,0.000313,0.000539,1.268912,0.000865,0.00054
6.8e-05,0.017486,0.000299,0.000276,9.410966,0.001542,0.000135
1.7e-05,0.018338,0.000224,0.000208,1.301676,0.00368,0.000135
0.018338,6.1e-05,0.002686,0.002461,4.561283,0.011512,0.004382
0.000224,0.002686,0.000261,0.00025,5.637278,0.001303,0.000415
0.000208,0.002461,0.00025,0.001076,3.254042,0.001014,0.000432
0.013017,0.000456,0.005637,0.003254,2.668599,0.021705,0.014421
0.00368,0.011512,0.001303,0.001014,2.170494,0.000259,0.006137
0.000135,0.004382,0.000415,0.000432,1.442055,0.006137,7e-06
0.002187,2.1e-05,0.00224,0.000519,3.537821,0.007064,0.003268
0.004848,9.7e-05,0.007577,0.000863,2.187481,0.00673,0.000744
0.001117,0.000145,0.000714,0.001919,1.393643,0.01402,0.004782
0.003018,1.1e-05,0.028744,0.001012,3.77903,0.019917,0.016164
0.001056,0.004602,0.001118,0.000417,3.244698,0.00019,0.000178
0.000444,0.037001,0.000612,0.000185,5.70147,0.001492,0.000456
0.000827,0.003068,3e-05,0.000417,4.710471,0.000364,0.000148
0.000137,0.069229,3.4e-05,0.002563,6.13536,0.000286,0.000442
0.069229,6.6e-05,0.008611,0.002802,1.755873,0.007156,0.00806
3.4e-05,0.008611,2.2e-05,0.000192,8.692146,0.000153,4.8e-05
0.002563,0.002802,0.000192,0.000197,3.994197,0.00176,0.000559
0.061354,1.8e-05,0.008692,0.003994,3.273334,0.011211,0.003387
0.000286,0.007156,0.000153,0.00176,1.121092,9.7e-05,0.000322
0.000442,0.00806,4.8e-05,0.000559,3.387348,0.000322,2.3e-05
0.004408,0.000688,0.003346,0.003595,4.520665,0.007187,0.01209
0.008659,0.000306,0.003733,0.011486,5.949406,0.000517,0.001978
0.003783,0.000493,0.006342,0.000813,8.259098,0.000303,0.002016
0.01618,0.003027,0.003158,0.000884,1.392636,0.007101,0.027573
0.000477,0.003882,0.000345,0.000469,3.69018,0.001443,0.000686
0.000647,0.002919,0.0002,0.001349,4.150002,0.001867,0.002374
9.7e-05,0.010039,0.000543,0.000655,1.050945,0.000557,0.000755
1.3e-05,0.01148,0.000178,0.0006,1.659287,0.000935,0.000225
0.01148,6e-06,0.028764,0.038821,1.466171,0.003892,0.017208
0.000178,0.028764,0.000194,0.00031,5.664562,0.001005,0.002953
0.0006,0.038821,0.00031,0.000321,2.222416,0.000344,0.000518
0.016593,1.5e-05,0.005665,0.022224,1.440803,0.005665,0.017897
0.000935,0.003892,0.001005,0.000344,5.665243,0.000536,0.000141
0.000225,0.017208,0.002953,0.000518,1.789699,0.000141,9.7e-05
,,,,,,
1e-05,0.000431,0.005721,0.000267,0.021092,0.016859,0.019372
0.000431,0.000199,0.020751,0.001854,0.001245,0.005473,0.001746
0.005721,0.020751,0.000263,0.000233,0.001917,0.000292,0.003744
0.000267,0.001854,0.000233,7.3e-05,0.010269,0.001158,0.005494
0.021092,0.001245,0.001917,0.010269,0.000282,0.001924,0.001698
0.016859,0.005473,0.000292,0.001158,0.001924,0.000425,0.001084
0.019372,0.001746,0.003744,0.005494,0.001698,0.001084,0.000598
0.039672,0.005398,0.006874,0.010386,0.001437,0.002079,0.000487
5.2e-05,0.000454,0.016633,4.5e-05,0.008651,0.025312,0.013777
0.05109,0.003493,0.002615,0.005303,0.004006,0.009743,0.000405
0.014627,0.000317,0.003099,0.000762,0.000554,0.001248,0.000293
2e-05,0.000505,0.013027,0.000148,0.008792,0.055268,0.031632
0.004207,0.018901,0.003812,0.002381,0.002704,0.000533,0.00041
0.009914,0.010154,0.008662,0.006827,0.00064,0.00767,0.000334
2.1e-05,0.000294,0.001712,6.5e-05,0.007882,0.013518,0.005113
0.000294,0.000406,0.001776,0.000554,0.001979,0.002619,0.004222
0.001712,0.001776,0.00044,0.000398,0.003384,0.002073,0.008406
6.5e-05,0.000554,0.000398,0.000119,0.004445,0.002177,0.009879
0.007882,0.001979,0.003384,0.004445,0.000666,0.001777,0.003487
0.013518,0.002619,0.002073,0.002177,0.001777,0.000718,0.000753
0.005113,0.004222,0.008406,0.009879,0.003487,0.000753,3.6e-05
0.005971,0.004922,0.00616,0.010629,0.001788,0.000186,8e-05
2.4e-05,0.000496,0.000642,0.000158,0.012493,0.004135,0.019512
0.004546,0.000797,0.006258,0.006355,0.001484,9.1e-05,0.000387
0.017008,0.001306,0.004603,0.001006,0.001869,0.000192,9.5e-05
7e-06,0.000772,0.000567,0.000123,0.024334,0.01231,0.00489
0.008979,0.004502,0.001653,0.007506,0.007378,0.002982,0.001103
0.01953,0.00214,0.002773,0.026031,0.007749,0.000199,5.2e-05
3.8e-05,0.000399,0.000547,8.6e-05,0.024769,0.007198,0.012301
0.000399,0.000426,0.001461,0.000443,0.006898,0.000486,0.00928
0.000547,0.001461,0.000273,0.000298,0.002066,0.005625,0.004817
8.6e-05,0.000443,0.000298,4.6e-05,0.038043,0.006024,0.068444
0.024769,0.006898,0.002066,0.038043,3.7e-05,0.002034,4.8e-05
0.007198,0.000486,0.005625,0.006024,0.002034,0.001138,0.000413
0.012301,0.00928,0.004817,0.068444,4.8e-05,0.000413,7.5e-05
0.009901,0.001458,0.005426,0.012183,0.000247,0.001255,6.8e-05
0.000233,0.010962,0.00698,3e-05,0.013805,0.015097,0.017486
0.005185,0.001333,0.003331,0.047995,9e-05,0.000313,0.000299
0.001693,0.000372,0.003078,0.003241,0.000159,0.000539,0.000276
0.000503,0.001649,0.002991,3e-05,0.025954,0.012689,0.009411
0.015831,0.001438,0.003181,0.01083,0.011504,0.000865,0.001542
0.015354,0.001088,0.015326,0.031635,0.000128,0.00054,0.000135
1.2e-05,0.000298,0.000296,0.000265,0.000777,0.055105,0.001752
0.000298,0.000158,0.00036,0.000455,0.002162,0.019062,0.001256
0.000296,0.00036,0.000221,0.000429,0.000224,0.014074,0.000623
0.000265,0.000455,0.000429,3.1e-05,0.003289,0.10475,0.004257
0.000777,0.002162,0.000224,0.003289,0.000701,0.000179,8.8e-05
0.055105,0.019062,0.014074,0.10475,0.000179,0.000404,0.000654
0.001752,0.001256,0.000623,0.004257,8.8e-05,0.000654,3.6e-05
0.002187,0.004848,0.001117,0.003018,0.001056,0.000444,0.000827
2.1e-05,9.7e-05,0.000145,1.1e-05,0.004602,0.037001,0.003068
0.00224,0.007577,0.000714,0.028744,0.001118,0.000612,3e-05
0.000519,0.000863,0.001919,0.001012,0.000417,0.000185,0.000417
3.5e-05,0.000219,0.000139,3.8e-05,0.003245,0.057015,0.00471
0.007064,0.00673,0.01402,0.019917,0.00019,0.001492,0.000364
0.003268,0.000744,0.004782,0.016164,0.000178,0.000456,0.000148
2.4e-05,0.000111,0.009761,3.5e-05,0.004549,0.001207,0.008887
0.000111,0.000142,0.000407,0.001611,0.000715,0.002081,0.004167
0.009761,0.000407,6.7e-05,0.010033,0.002367,0.001404,0.000276
3.5e-05,0.001611,0.010033,6.9e-05,0.000582,0.002345,0.032404
0.004549,0.000715,0.002367,0.000582,0.000172,0.000227,6.3e-05
0.001207,0.002081,0.001404,0.002345,0.000227,7.9e-05,0.001271
0.008887,0.004167,0.000276,0.032404,6.3e-05,0.001271,1.6e-05
0.004408,0.008659,0.003783,0.01618,0.000477,0.000647,9.7e-05
0.000688,0.000306,0.000493,0.003027,0.003882,0.002919,0.010039
0.003346,0.003733,0.006342,0.003158,0.000345,0.0002,0.000543
0.003595,0.011486,0.000813,0.000884,0.000469,0.001349,0.000655
4.5e-05,0.000595,0.008259,0.000139,0.036902,0.00415,0.010509
0.007187,0.000517,0.000303,0.007101,0.001443,0.001867,0.000557
0.01209,0.001978,0.002016,0.027573,0.000686,0.002374,0.000755
2.3e-05,0.000361,0.000274,0.000751,0.001701,0.005534,0.000691
0.000361,0.000132,0.000288,0.000153,0.000341,0.003872,0.000592
0.000274,0.000288,0.000951,0.000297,0.000372,0.000823,0.005274
0.000751,0.000153,0.000297,5.6e-05,0.00189,0.00461,0.007099
0.001701,0.000341,0.000372,0.00189,0.000252,0.00065,0.000849
0.005534,0.003872,0.000823,0.00461,0.00065,8.8e-05,0.000238
0.000691,0.000592,0.005274,0.007099,0.000849,0.000238,0.000158
0.040486,0.003008,0.007397,0.016946,0.000731,0.000105,0.000174
0.000206,0.000684,0.000609,1.9e-05,0.002187,0.01366,0.009752
0.007843,0.002252,0.000444,0.007612,1.9e-05,0.000195,0.000157
0.000621,0.001687,6.5e-05,0.002202,0.000398,0.000396,0.000882
4.7e-05,0.000427,0.000133,1.3e-05,0.001277,0.050017,0.008783
0.006402,0.000446,0.000286,0.001571,0.000433,0.000443,5.4e-05
0.007235,0.005918,0.001194,0.004849,0.000205,0.000301,3.5e-05
,,,,,,
0.039672,5.2e-05,0.05109,0.014627,1.961605,0.004207,0.009914
0.005398,0.000454,0.003493,0.000317,5.05476,0.018901,0.010154
0.006874,0.016633,0.002615,0.003099,1.302657,0.003812,0.008662
0.010386,4.5e-05,0.005303,0.000762,1.484872,0.002381,0.006827
0.001437,0.008651,0.004006,0.000554,8.791687,0.002704,0.00064
0.002079,0.025312,0.009743,0.001248,5.526798,0.000533,0.00767
0.000487,0.013777,0.000405,0.000293,3.163223,0.00041,0.000334
2.3e-05,0.014394,0.000385,0.002407,2.442803,0.000218,0.000348
0.014394,4.1e-05,0.004001,0.008833,1.677632,0.017879,0.021229
0.000385,0.004001,0.000371,0.00087,2.395082,0.026444,0.000366
0.002407,0.008833,0.00087,0.000124,6.993723,0.000503,0.000603
0.024428,1.7e-05,0.023951,0.006994,2.36441,0.02504,0.041268
0.000218,0.017879,0.026444,0.000503,2.503982,3.9e-05,0.003087
0.000348,0.021229,0.000366,0.000603,4.126843,0.003087,0.00035
0.005971,2.4e-05,0.004546,0.017008,6.894443,0.008979,0.01953
0.004922,0.000496,0.000797,0.001306,7.721121,0.004502,0.00214
0.00616,0.000642,0.006258,0.004603,5.671971,0.001653,0.002773
0.010629,0.000158,0.006355,0.001006,1.227728,0.007506,0.026031
0.001788,0.012493,0.001484,0.001869,2.43343,0.007378,0.007749
0.000186,0.004135,9.1e-05,0.000192,1.230979,0.002982,0.000199
8e-05,0.019512,0.000387,9.5e-05,4.890351,0.001103,5.2e-05
2.3e-05,0.002656,0.000291,0.000259,5.435422,0.00235,0.000156
0.002656,1.1e-05,0.003646,0.002811,1.109587,0.036332,0.022089
0.000291,0.003646,0.000104,0.002101,1.219898,0.000975,0.00021
0.000259,0.002811,0.002101,0.000443,3.469867,0.010066,0.000421
0.005435,1e-06,0.00122,0.00347,4.36798,0.029514,0.028944
0.00235,0.036332,0.000975,0.010066,2.951423,0.000126,0.004148
0.000156,0.022089,0.00021,0.000421,2.894422,0.004148,5.7e-05
0.009901,0.000233,0.005185,0.001693,5.02955,0.015831,0.015354
0.001458,0.010962,0.001333,0.000372,1.649464,0.001438,0.001088
0.005426,0.00698,0.003331,0.003078,2.990501,0.003181,0.015326
0.012183,3e-05,0.047995,0.003241,2.961266,0.01083,0.031635
0.000247,0.013805,9e-05,0.000159,2.595397,0.011504,0.000128
0.001255,0.015097,0.000313,0.000539,1.268912,0.000865,0.00054
6.8e-05,0.017486,0.000299,0.000276,9.410966,0.001542,0.000135
1.7e-05,0.018338,0.000224,0.000208,1.301676,0.00368,0.000135
0.018338,6.1e-05,0.002686,0.002461,4.561283,0.011512,0.004382
0.000224,0.002686,0.000261,0.00025,5.637278,0.001303,0.000415
0.000208,0.002461,0.00025,0.001076,3.254042,0.001014,0.000432
0.013017,0.000456,0.005637,0.003254,2.668599,0.021705,0.014421
0.00368,0.011512,0.001303,0.001014,2.170494,0.000259,0.006137
0.000135,0.004382,0.000415,0.000432,1.442055,0.006137,7e-06
0.002187,2.1e-05,0.00224,0.000519,3.537821,0.007064,0.003268
0.004848,9.7e-05,0.007577,0.000863,2.187481,0.00673,0.000744
0.001117,0.000145,0.000714,0.001919,1.393643,0.01402,0.004782
0.003018,1.1e-05,0.028744,0.001012,3.77903,0.019917,0.016164
0.001056,0.004602,0.001118,0.000417,3.244698,0.00019,0.000178
0.000444,0.037001,0.000612,0.000185,5.70147,0.001492,0.000456
0.000827,0.003068,3e-05,0.000417,4.710471,0.000364,0.000148
0.000137,0.069229,3.4e-05,0.002563,6.13536,0.000286,0.000442
0.069229,6.6e-05,0.008611,0.002802,1.755873,0.007156,0.00806
3.4e-05,0.008611,2.2e-05,0.000192,8.692146,0.000153,4.8e-05
0.002563,0.002802,0.000192,0.000197,3.994197,0.00176,0.000559
0.061354,1.8e-05,0.008692,0.003994,3.273334,0.011211,0.003387
0.000286,0.007156,0.000153,0.00176,1.121092,9.7e-05,0.000322
0.000442,0.00806,4.8e-05,0.000559,3.387348,0.000322,2.3e-05
0.004408,0.000688,0.003346,0.003595,4.520665,0.007187,0.01209
0.008659,0.000306,0.003733,0.011486,5.949406,0.000517,0.001978
0.003783,0.000493,0.006342,0.000813,8.259098,0.000303,0.002016
0.01618,0.003027,0.003158,0.000884,1.392636,0.007101,0.027573
0.000477,0.003882,0.000345,0.000469,3.69018,0.001443,0.000686
0.000647,0.002919,0.0002,0.001349,4.150002,0.001867,0.002374
9.7e-05,0.010039,0.000543,0.000655,1.050945,0.000557,0.000755
1.3e-05,0.01148,0.000178,0.0006,1.659287,0.000935,0.000225
0.01148,6e-06,0.028764,0.038821,1.466171,0.003892,0.017208
0.000178,0.028764,0.000194,0.00031,5.664562,0.001005,0.002953
0.0006,0.038821,0.00031,0.000321,2.222416,0.000344,0.000518
0.016593,1.5e-05,0.005665,0.022224,1.440803,0.005665,0.017897
0.000935,0.003892,0.001005,0.000344,5.665243,0.000536,0.000141
0.000225,0.017208,0.002953,0.000518,1.789699,0.000141,9.7e-05
0.040486,0.000206,0.007843,0.000621,4.673026,0.006402,0.007235
0.003008,0.000684,0.002252,0.001687,4.267211,0.000446,0.005918
0.007397,0.000609,0.000444,6.5e-05,1.331795,0.000286,0.001194
0.016946,1.9e-05,0.007612,0.002202,1.269705,0.001571,0.004849
0.000731,0.002187,1.9e-05,0.000398,1.277323,0.000433,0.000205
0.000105,0.01366,0.000195,0.000396,5.001654,0.000443,0.000301
0.000174,0.009752,0.000157,0.000882,8.782644,5.4e-05,3.5e-05
0.000183,0.024437,0.00053,0.000191,1.773829,0.001072,3.6e-05
0.024437,4e-06,0.002006,0.018282,1.009616,0.002407,0.013469
0.00053,0.002006,0.00021,0.000685,6.736868,0.00029,0.0001
0.000191,0.018282,0.000685,0.000195,4.306919,0.000752,0.000495
0.017738,1e-05,0.006737,0.004307,1.029462,0.010102,0.018888
0.001072,0.002407,0.00029,0.000752,1.010194,0.00019,0.000349
3.6e-05,0.013469,0.0001,0.000495,1.888793,0.000349,1.5e-05
,,,,,,
1e-05,0.000431,0.005721,0.000267,0.021092,0.016859,0.019372
0.000431,0.000199,0.020751,0.001854,0.001245,0.005473,0.001746
0.005721,0.020751,0.000263,0.000233,0.001917,0.000292,0.003744
0.000267,0.001854,0.000233,7.3e-05,0.010269,0.001158,0.005494
0.021092,0.001245,0.001917,0.010269,0.000282,0.001924,0.001698
0.016859,0.005473,0.000292,0.001158,0.001924,0.000425,0.001084
0.019372,0.001746,0.003744,0.005494,0.001698,0.001084,0.000598
0.039672,0.005398,0.006874,0.010386,0.001437,0.002079,0.000487
5.2e-05,0.000454,0.016633,4.5e-05,0.008651,0.025312,0.013777
0.05109,0.003493,0.002615,0.005303,0.004006,0.009743,0.000405
0.014627,0.000317,0.003099,0.000762,0.000554,0.001248,0.000293
2e-05,0.000505,0.013027,0.000148,0.008792,0.055268,0.031632
0.004207,0.018901,0.003812,0.002381,0.002704,0.000533,0.00041
0.009914,0.010154,0.008662,0.006827,0.00064,0.00767,0.000334
2.1e-05,0.000294,0.001712,6.5e-05,0.007882,0.013518,0.005113
0.000294,0.000406,0.001776,0.000554,0.001979,0.002619,0.004222
0.001712,0.001776,0.00044,0.000398,0.003384,0.002073,0.008406
6.5e-05,0.000554,0.000398,0.000119,0.004445,0.002177,0.009879
0.007882,0.001979,0.003384,0.004445,0.000666,0.001777,0.003487
0.013518,0.002619,0.002073,0.002177,0.001777,0.000718,0.000753
0.005113,0.004222,0.008406,0.009879,0.003487,0.000753,3.6e-05
0.005971,0.004922,0.00616,0.010629,0.001788,0.000186,8e-05
2.4e-05,0.000496,0.000642,0.000158,0.012493,0.004135,0.019512
0.004546,0.000797,0.006258,0.006355,0.001484,9.1e-05,0.000387
0.017008,0.001306,0.004603,0.001006,0.001869,0.000192,9.5e-05
7e-06,0.000772,0.000567,0.000123,0.024334,0.01231,0.00489
0.008979,0.004502,0.001653,0.007506,0.007378,0.002982,0.001103
0.01953,0.00214,0.002773,0.026031,0.007749,0.000199,5.2e-05
3.8e-05,0.000399,0.000547,8.6e-05,0.024769,0.007198,0.012301
0.000399,0.000426,0.001461,0.000443,0.006898,0.000486,0.00928
0.000547,0.001461,0.000273,0.000298,0.002066,0.005625,0.004817
8.6e-05,0.000443,0.000298,4.6e-05,0.038043,0.006024,0.068444
0.024769,0.006898,0.002066,0.038043,3.7e-05,0.002034,4.8e-05
0.007198,0.000486,0.005625,0.006024,0.002034,0.001138,0.000413
0.012301,0.00928,0.004817,0.068444,4.8e-05,0.000413,7.5e-05
0.009901,0.001458,0.005426,0.012183,0.000247,0.001255,6.8e-05
0.000233,0.010962,0.00698,3e-05,0.013805,0.015097,0.017486
0.005185,0.001333,0.003331,0.047995,9e-05,0.000313,0.000299
0.001693,0.000372,0.003078,0.003241,0.000159,0.000539,0.000276
0.000503,0.001649,0.002991,3e-05,0.025954,0.012689,0.009411
0.015831,0.001438,0.003181,0.01083,0.011504,0.000865,0.001542
0.015354,0.001088,0.015326,0.031635,0.000128,0.00054,0.000135
1.2e-05,0.000298,0.000296,0.000265,0.000777,0.055105,0.001752
0.000298,0.000158,0.00036,0.000455,0.002162,0.019062,0.001256
0.000296,0.00036,0.000221,0.000429,0.000224,0.014074,0.000623
0.000265,0.000455,0.000429,3.1e-05,0.003289,0.10475,0.004257
0.000777,0.002162,0.000224,0.003289,0.000701,0.000179,8.8e-05
0.055105,0.019062,0.014074,0.10475,0.000179,0.000404,0.000654
0.001752,0.001256,0.000623,0.004257,8.8e-05,0.000654,3.6e-05
0.002187,0.004848,0.001117,0.003018,0.001056,0.000444,0.000827
2.1e-05,9.7e-05,0.000145,1.1e-05,0.004602,0.037001,0.003068
0.00224,0.007577,0.000714,0.028744,0.001118,0.000612,3e-05
0.000519,0.000863,0.001919,0.001012,0.000417,0.000185,0.000417
3.5e-05,0.000219,0.000139,3.8e-05,0.003245,0.057015,0.00471
0.007064,0.00673,0.01402,0.019917,0.00019,0.001492,0.000364
0.003268,0.000744,0.004782,0.016164,0.000178,0.000456,0.000148
2.4e-05,0.000111,0.009761,3.5e-05,0.004549,0.001207,0.008887
0.000111,0.000142,0.000407,0.001611,0.000715,0.002081,0.004167
0.009761,0.000407,6.7e-05,0.010033,0.002367,0.001404,0.000276
