INFO:root:Variances Dataframe:
INFO:root:          0         1         2         3         4         5         6   \
0   0.000018  0.001026  0.001628  0.000052  0.006601  0.027917  0.038996   
1   0.001026  0.000522  0.000922  0.000887  0.005851  0.000268  0.012845   
2   0.001628  0.000922  0.000204  0.001203  0.001901  0.001631  0.000585   
3   0.000052  0.000887  0.001203  0.000023  0.003942  0.017478  0.032991   
4   0.006601  0.005851  0.001901  0.003942  0.000188  0.001798  0.005617   
5   0.027917  0.000268  0.001631  0.017478  0.001798  0.000067  0.004626   
6   0.038996  0.012845  0.000585  0.032991  0.005617  0.004626  0.003313   
7   0.053324  0.005911  0.013450  0.036026  0.000842  0.000676  0.000819   
8   0.000056  0.000170  0.002538  0.000058  0.031376  0.036767  0.044933   
9   0.052280  0.004090  0.002685  0.012091  0.000514  0.000869  0.000812   
10  0.000891  0.001516  0.002044  0.001193  0.000966  0.002135  0.000643   
11  0.000088  0.003388  0.001015  0.000144  0.017318  0.002500  0.136512   
12  0.004763  0.000819  0.001788  0.002006  0.002851  0.000540  0.001372   
13  0.009117  0.002556  0.006174  0.010768  0.003795  0.000136  0.002578   

          7         8         9         10        11        12        13  
0   0.053324  0.000056  0.052280  0.000891  0.000088  0.004763  0.009117  
1   0.005911  0.000170  0.004090  0.001516  0.003388  0.000819  0.002556  
2   0.013450  0.002538  0.002685  0.002044  0.001015  0.001788  0.006174  
3   0.036026  0.000058  0.012091  0.001193  0.000144  0.002006  0.010768  
4   0.000842  0.031376  0.000514  0.000966  0.017318  0.002851  0.003795  
5   0.000676  0.036767  0.000869  0.002135  0.002500  0.000540  0.000136  
6   0.000819  0.044933  0.000812  0.000643  0.136512  0.001372  0.002578  
7   0.000093  0.039874  0.000886  0.000181  0.007650  0.000520  0.000131  
8   0.039874  0.000012  0.023559  0.004145  0.000035  0.011550  0.016145  
9   0.000886  0.023559  0.000342  0.001028  0.011633  0.001027  0.000245  
10  0.000181  0.004145  0.001028  0.000250  0.006421  0.001173  0.000513  
11  0.007650  0.000035  0.011633  0.006421  0.000581  0.017192  0.036373  
12  0.000520  0.011550  0.001027  0.001173  0.017192  0.000605  0.000903  
13  0.000131  0.016145  0.000245  0.000513  0.036373  0.000903  0.000011  
INFO:root:Means Dataframe:
INFO:root:          0         1         2         3         4         5         6   \
0   0.984023  0.873669  0.835364  0.966567  0.497932  0.425427  0.288026   
1   0.873669  0.915742  0.777344  0.843100  0.698258  0.664522  0.541429   
2   0.835364  0.777344  0.872658  0.821983  0.757798  0.580879  0.762888   
3   0.966567  0.843100  0.821983  0.970382  0.508060  0.511716  0.345093   
4   0.497932  0.698258  0.757798  0.508060  0.956305  0.835304  0.827402   
5   0.425427  0.664522  0.580879  0.511716  0.835304  0.928206  0.786254   
6   0.288026  0.541429  0.762888  0.345093  0.827402  0.786254  0.936204   
7  -0.113039  0.587832  0.660552  0.113315  0.868255  0.895589  0.891310   
8   0.976862  0.898560  0.816877  0.970972  0.331602  0.419539  0.335140   
9   0.155413  0.574921  0.701331  0.434335  0.820107  0.857728  0.893320   
10  0.597789  0.669072  0.761819  0.522999  0.806353  0.753355  0.852631   
11  0.974744  0.890470  0.814663  0.964286  0.414899  0.454406  0.098071   
12  0.492172  0.653176  0.709115  0.583514  0.733415  0.838486  0.834720   
13 -0.133190  0.521951  0.549202 -0.091863  0.838331  0.920329  0.911948   

          7         8         9         10        11        12        13  
0  -0.113039  0.976862  0.155413  0.597789  0.974744  0.492172 -0.133190  
1   0.587832  0.898560  0.574921  0.669072  0.890470  0.653176  0.521951  
2   0.660552  0.816877  0.701331  0.761819  0.814663  0.709115  0.549202  
3   0.113315  0.970972  0.434335  0.522999  0.964286  0.583514 -0.091863  
4   0.868255  0.331602  0.820107  0.806353  0.414899  0.733415  0.838331  
5   0.895589  0.419539  0.857728  0.753355  0.454406  0.838486  0.920329  
6   0.891310  0.335140  0.893320  0.852631  0.098071  0.834720  0.911948  
7   0.970562 -0.146526  0.913104  0.856570  0.033999  0.872414  0.961982  
8  -0.146526  0.989332  0.294114  0.399855  0.978184  0.555114 -0.331205  
9   0.913104  0.294114  0.954243  0.810366  0.329485  0.801401  0.897950  
10  0.856570  0.399855  0.810366  0.905849  0.571475  0.789524  0.889750  
11  0.033999  0.978184  0.329485  0.571475  0.979932  0.419403 -0.250101  
12  0.872414  0.555114  0.801401  0.789524  0.419403  0.913767  0.905281  
13  0.961982 -0.331205  0.897950  0.889750 -0.250101  0.905281  0.990972  
INFO:root:Standard Deviations Dataframe:
INFO:root:          0         1         2         3         4         5         6   \
0   0.004282  0.032034  0.040352  0.007242  0.081246  0.167083  0.197473   
1   0.032034  0.022841  0.030366  0.029789  0.076490  0.016361  0.113334   
2   0.040352  0.030366  0.014291  0.034679  0.043601  0.040380  0.024188   
3   0.007242  0.029789  0.034679  0.004820  0.062783  0.132206  0.181635   
4   0.081246  0.076490  0.043601  0.062783  0.013699  0.042405  0.074946   
5   0.167083  0.016361  0.040380  0.132206  0.042405  0.008193  0.068014   
6   0.197473  0.113334  0.024188  0.181635  0.074946  0.068014  0.057555   
7   0.230919  0.076881  0.115975  0.189805  0.029025  0.026000  0.028620   
8   0.007461  0.013045  0.050383  0.007589  0.177132  0.191747  0.211974   
9   0.228649  0.063949  0.051820  0.109958  0.022664  0.029473  0.028488   
10  0.029846  0.038932  0.045206  0.034535  0.031082  0.046203  0.025366   
11  0.009369  0.058208  0.031858  0.011986  0.131598  0.049999  0.369475   
12  0.069013  0.028614  0.042290  0.044788  0.053396  0.023236  0.037035   
13  0.095483  0.050558  0.078577  0.103767  0.061607  0.011651  0.050776   

          7         8         9         10        11        12        13  
0   0.230919  0.007461  0.228649  0.029846  0.009369  0.069013  0.095483  
1   0.076881  0.013045  0.063949  0.038932  0.058208  0.028614  0.050558  
2   0.115975  0.050383  0.051820  0.045206  0.031858  0.042290  0.078577  
3   0.189805  0.007589  0.109958  0.034535  0.011986  0.044788  0.103767  
4   0.029025  0.177132  0.022664  0.031082  0.131598  0.053396  0.061607  
5   0.026000  0.191747  0.029473  0.046203  0.049999  0.023236  0.011651  
6   0.028620  0.211974  0.028488  0.025366  0.369475  0.037035  0.050776  
7   0.009658  0.199685  0.029769  0.013461  0.087463  0.022800  0.011463  
8   0.199685  0.003408  0.153491  0.064381  0.005903  0.107472  0.127065  
9   0.029769  0.153491  0.018488  0.032056  0.107857  0.032050  0.015648  
10  0.013461  0.064381  0.032056  0.015826  0.080134  0.034247  0.022648  
11  0.087463  0.005903  0.107857  0.080134  0.024104  0.131119  0.190718  
12  0.022800  0.107472  0.032050  0.034247  0.131119  0.024588  0.030046  
13  0.011463  0.127065  0.015648  0.022648  0.190718  0.030046  0.003340  
