2023-11-13 13:13:21,347 - __main__ - INFO - Variances Dataframe:
2023-11-13 13:13:21,354 - __main__ - INFO -           0         1         2         3         4         5         6         7         8         9         10        11        12        13
0   0.000005  0.000349  0.002810  0.000022  0.006720  0.056559  0.022523  0.014176  0.000140  0.001928  0.015535  0.000062  0.007471  0.009320
1   0.000349  0.000446  0.000447  0.000365  0.001431  0.099672  0.007527  0.041734  0.000237  0.038367  0.003449  0.000080  0.001540  0.005344
2   0.002810  0.000447  0.000474  0.013445  0.004247  0.003086  0.000642  0.005588  0.003493  0.002741  0.001212  0.006168  0.002342  0.002449
3   0.000022  0.000365  0.013445  0.000014  0.001376  0.044122  0.007742  0.011076  0.000029  0.027310  0.005158  0.000028  0.007754  0.011386
4   0.006720  0.001431  0.004247  0.001376  0.001246  0.000123  0.001088  0.000170  0.009406  0.000159  0.001613  0.017497  0.001319  0.000818
5   0.056559  0.099672  0.003086  0.044122  0.000123  0.000083  0.000398  0.000126  0.004413  0.000735  0.011512  0.004425  0.000276  0.000140
6   0.022523  0.007527  0.000642  0.007742  0.001088  0.000398  0.000257  0.000356  0.012826  0.000387  0.002728  0.031293  0.001519  0.000429
7   0.014176  0.041734  0.005588  0.011076  0.000170  0.000126  0.000356  0.000030  0.012737  0.000086  0.021016  0.005059  0.000196  0.000084
8   0.000140  0.000237  0.003493  0.000029  0.009406  0.004413  0.012826  0.012737  0.000291  0.001602  0.009684  0.000134  0.004101  0.013038
9   0.001928  0.038367  0.002741  0.027310  0.000159  0.000735  0.000387  0.000086  0.001602  0.000209  0.001319  0.001274  0.000277  0.000174
10  0.015535  0.003449  0.001212  0.005158  0.001613  0.011512  0.002728  0.021016  0.009684  0.001319  0.001034  0.007706  0.004881  0.008399
11  0.000062  0.000080  0.006168  0.000028  0.017497  0.004425  0.031293  0.005059  0.000134  0.001274  0.007706  0.000096  0.015348  0.027972
12  0.007471  0.001540  0.002342  0.007754  0.001319  0.000276  0.001519  0.000196  0.004101  0.000277  0.004881  0.015348  0.000161  0.001704
13  0.009320  0.005344  0.002449  0.011386  0.000818  0.000140  0.000429  0.000084  0.013038  0.000174  0.008399  0.027972  0.001704  0.000165
2023-11-13 13:13:21,354 - __main__ - INFO - Means Dataframe:
2023-11-13 13:13:21,357 - __main__ - INFO -           0         1         2         3         4         5         6         7         8         9         10        11        12        13
0   0.991442  0.941983  0.820179  0.978772  0.514959 -0.169522  0.333301 -0.422626  0.954269  0.377973  0.667713  0.970968  0.366670  0.043150
1   0.941983  0.945272  0.776500  0.930326  0.581039  0.163322  0.537187  0.206058  0.892870  0.483363  0.759537  0.926292  0.654783  0.491933
2   0.820179  0.776500  0.876733  0.708748  0.719253  0.749275  0.670584  0.719096  0.765566  0.773854  0.731933  0.775308  0.756434  0.655016
3   0.978772  0.930326  0.708748  0.987997  0.428264 -0.165467  0.443556 -0.322733  0.966145  0.211033  0.737211  0.980741  0.326062  0.193244
4   0.514959  0.581039  0.719253  0.428264  0.902219  0.890193  0.868464  0.902588  0.381549  0.857393  0.795948  0.293726  0.783576  0.892969
5  -0.169522  0.163322  0.749275 -0.165467  0.890193  0.978433  0.910872  0.969927  0.228102  0.913307  0.654913 -0.050408  0.909871  0.931490
6   0.333301  0.537187  0.670584  0.443556  0.868464  0.910872  0.933913  0.909554  0.425077  0.831055  0.774956  0.272242  0.803046  0.904498
7  -0.422626  0.206058  0.719096 -0.322733  0.902588  0.969927  0.909554  0.986490 -0.001832  0.932312  0.752910 -0.191421  0.916725  0.952815
8   0.954269  0.892870  0.765566  0.966145  0.381549  0.228102  0.425077 -0.001832  0.964767  0.489947  0.681649  0.971024  0.575361  0.236354
9   0.377973  0.483363  0.773854  0.211033  0.857393  0.913307  0.831055  0.932312  0.489947  0.929955  0.726905  0.351216  0.830750  0.872569
10  0.667713  0.759537  0.731933  0.737211  0.795948  0.654913  0.774956  0.752910  0.681649  0.726905  0.913966  0.710489  0.694542  0.776622
11  0.970968  0.926292  0.775308  0.980741  0.293726 -0.050408  0.272242 -0.191421  0.971024  0.351216  0.710489  0.986206  0.424430  0.033766
12  0.366670  0.654783  0.756434  0.326062  0.783576  0.909871  0.803046  0.916725  0.575361  0.830750  0.694542  0.424430  0.927630  0.871414
13  0.043150  0.491933  0.655016  0.193244  0.892969  0.931490  0.904498  0.952815  0.236354  0.872569  0.776622  0.033766  0.871414  0.950729
2023-11-13 13:13:21,357 - __main__ - INFO - Standard Deviations Dataframe:
2023-11-13 13:13:21,359 - __main__ - INFO -           0         1         2         3         4         5         6         7         8         9         10        11        12        13
0   0.002316  0.018673  0.053005  0.004654  0.081975  0.237821  0.150077  0.119062  0.011840  0.043911  0.124641  0.007851  0.086437  0.096541
1   0.018673  0.021130  0.021148  0.019104  0.037829  0.315709  0.086756  0.204289  0.015397  0.195874  0.058725  0.008944  0.039241  0.073104
2   0.053005  0.021148  0.021765  0.115954  0.065169  0.055553  0.025336  0.074755  0.059099  0.052351  0.034820  0.078539  0.048397  0.049486
3   0.004654  0.019104  0.115954  0.003738  0.037100  0.210052  0.087990  0.105244  0.005380  0.165257  0.071817  0.005294  0.088055  0.106704
4   0.081975  0.037829  0.065169  0.037100  0.035293  0.011079  0.032992  0.013044  0.096986  0.012600  0.040166  0.132277  0.036313  0.028598
5   0.237821  0.315709  0.055553  0.210052  0.011079  0.009089  0.019957  0.011247  0.066428  0.027116  0.107293  0.066517  0.016618  0.011833
6   0.150077  0.086756  0.025336  0.087990  0.032992  0.019957  0.016046  0.018877  0.113251  0.019666  0.052233  0.176898  0.038974  0.020707
7   0.119062  0.204289  0.074755  0.105244  0.013044  0.011247  0.018877  0.005454  0.112857  0.009261  0.144970  0.071125  0.013984  0.009183
8   0.011840  0.015397  0.059099  0.005380  0.096986  0.066428  0.113251  0.112857  0.017067  0.040029  0.098408  0.011565  0.064041  0.114185
9   0.043911  0.195874  0.052351  0.165257  0.012600  0.027116  0.019666  0.009261  0.040029  0.014460  0.036318  0.035692  0.016657  0.013186
10  0.124641  0.058725  0.034820  0.071817  0.040166  0.107293  0.052233  0.144970  0.098408  0.036318  0.032157  0.087782  0.069866  0.091648
11  0.007851  0.008944  0.078539  0.005294  0.132277  0.066517  0.176898  0.071125  0.011565  0.035692  0.087782  0.009800  0.123888  0.167247
12  0.086437  0.039241  0.048397  0.088055  0.036313  0.016618  0.038974  0.013984  0.064041  0.016657  0.069866  0.123888  0.012688  0.041282
13  0.096541  0.073104  0.049486  0.106704  0.028598  0.011833  0.020707  0.009183  0.114185  0.013186  0.091648  0.167247  0.041282  0.012828
2023-11-13 13:14:12,142 - __main__ - INFO - Variances Dataframe:
2023-11-13 13:14:12,146 - __main__ - INFO -           0         1         2         3         4         5         6         7         8         9         10        11        12        13
0   0.000005  0.000349  0.002810  0.000022  0.006720  0.056559  0.022523  0.014176  0.000140  0.001928  0.015535  0.000062  0.007471  0.009320
1   0.000349  0.000446  0.000447  0.000365  0.001431  0.099672  0.007527  0.041734  0.000237  0.038367  0.003449  0.000080  0.001540  0.005344
2   0.002810  0.000447  0.000474  0.013445  0.004247  0.003086  0.000642  0.005588  0.003493  0.002741  0.001212  0.006168  0.002342  0.002449
3   0.000022  0.000365  0.013445  0.000014  0.001376  0.044122  0.007742  0.011076  0.000029  0.027310  0.005158  0.000028  0.007754  0.011386
4   0.006720  0.001431  0.004247  0.001376  0.001246  0.000123  0.001088  0.000170  0.009406  0.000159  0.001613  0.017497  0.001319  0.000818
5   0.056559  0.099672  0.003086  0.044122  0.000123  0.000083  0.000398  0.000126  0.004413  0.000735  0.011512  0.004425  0.000276  0.000140
6   0.022523  0.007527  0.000642  0.007742  0.001088  0.000398  0.000257  0.000356  0.012826  0.000387  0.002728  0.031293  0.001519  0.000429
7   0.014176  0.041734  0.005588  0.011076  0.000170  0.000126  0.000356  0.000030  0.012737  0.000086  0.021016  0.005059  0.000196  0.000084
8   0.000140  0.000237  0.003493  0.000029  0.009406  0.004413  0.012826  0.012737  0.000291  0.001602  0.009684  0.000134  0.004101  0.013038
9   0.001928  0.038367  0.002741  0.027310  0.000159  0.000735  0.000387  0.000086  0.001602  0.000209  0.001319  0.001274  0.000277  0.000174
10  0.015535  0.003449  0.001212  0.005158  0.001613  0.011512  0.002728  0.021016  0.009684  0.001319  0.001034  0.007706  0.004881  0.008399
11  0.000062  0.000080  0.006168  0.000028  0.017497  0.004425  0.031293  0.005059  0.000134  0.001274  0.007706  0.000096  0.015348  0.027972
12  0.007471  0.001540  0.002342  0.007754  0.001319  0.000276  0.001519  0.000196  0.004101  0.000277  0.004881  0.015348  0.000161  0.001704
13  0.009320  0.005344  0.002449  0.011386  0.000818  0.000140  0.000429  0.000084  0.013038  0.000174  0.008399  0.027972  0.001704  0.000165
14  0.000010  0.000532  0.000684  0.000031  0.001265  0.004837  0.006627  0.006183  0.000122  0.002695  0.023830  0.000048  0.050843  0.016796
15  0.000532  0.000255  0.000256  0.001075  0.000553  0.007893  0.002437  0.004400  0.000236  0.001946  0.000822  0.000514  0.000255  0.003069
16  0.000684  0.000256  0.000513  0.000779  0.000912  0.010788  0.006312  0.002581  0.000582  0.001941  0.000323  0.002143  0.002268  0.007262
17  0.000031  0.001075  0.000779  0.000239  0.000679  0.024666  0.027489  0.011420  0.000040  0.007456  0.005593  0.000067  0.013860  0.017174
18  0.001265  0.000553  0.000912  0.000679  0.000190  0.000371  0.006296  0.001029  0.005461  0.000076  0.002145  0.008280  0.001414  0.000140
19  0.004837  0.007893  0.010788  0.024666  0.000371  0.000168  0.000454  0.000286  0.009383  0.000834  0.001938  0.022955  0.000495  0.001017
20  0.006627  0.002437  0.006312  0.027489  0.006296  0.000454  0.000015  0.000036  0.016723  0.000795  0.002283  0.023619  0.000286  0.001807
21  0.006183  0.004400  0.002581  0.011420  0.001029  0.000286  0.000036  0.000013  0.007611  0.000175  0.000813  0.013090  0.001056  0.000349
22  0.000122  0.000236  0.000582  0.000040  0.005461  0.009383  0.016723  0.007611  0.000022  0.001674  0.041497  0.000027  0.050865  0.020048
23  0.002695  0.001946  0.001941  0.007456  0.000076  0.000834  0.000795  0.000175  0.001674  0.000085  0.001869  0.007993  0.000816  0.002731
24  0.023830  0.000822  0.000323  0.005593  0.002145  0.001938  0.002283  0.000813  0.041497  0.001869  0.000463  0.068971  0.002834  0.001248
25  0.000048  0.000514  0.002143  0.000067  0.008280  0.022955  0.023619  0.013090  0.000027  0.007993  0.068971  0.000001  0.093029  0.016786
26  0.050843  0.000255  0.002268  0.013860  0.001414  0.000495  0.000286  0.001056  0.050865  0.000816  0.002834  0.093029  0.000542  0.000505
27  0.016796  0.003069  0.007262  0.017174  0.000140  0.001017  0.001807  0.000349  0.020048  0.002731  0.001248  0.016786  0.000505  0.000830
2023-11-13 13:14:12,146 - __main__ - INFO - Means Dataframe:
2023-11-13 13:14:12,149 - __main__ - INFO -           0         1         2         3         4         5         6         7         8         9         10        11        12        13
0   0.991442  0.941983  0.820179  0.978772  0.514959 -0.169522  0.333301 -0.422626  0.954269  0.377973  0.667713  0.970968  0.366670  0.043150
1   0.941983  0.945272  0.776500  0.930326  0.581039  0.163322  0.537187  0.206058  0.892870  0.483363  0.759537  0.926292  0.654783  0.491933
2   0.820179  0.776500  0.876733  0.708748  0.719253  0.749275  0.670584  0.719096  0.765566  0.773854  0.731933  0.775308  0.756434  0.655016
3   0.978772  0.930326  0.708748  0.987997  0.428264 -0.165467  0.443556 -0.322733  0.966145  0.211033  0.737211  0.980741  0.326062  0.193244
4   0.514959  0.581039  0.719253  0.428264  0.902219  0.890193  0.868464  0.902588  0.381549  0.857393  0.795948  0.293726  0.783576  0.892969
5  -0.169522  0.163322  0.749275 -0.165467  0.890193  0.978433  0.910872  0.969927  0.228102  0.913307  0.654913 -0.050408  0.909871  0.931490
6   0.333301  0.537187  0.670584  0.443556  0.868464  0.910872  0.933913  0.909554  0.425077  0.831055  0.774956  0.272242  0.803046  0.904498
7  -0.422626  0.206058  0.719096 -0.322733  0.902588  0.969927  0.909554  0.986490 -0.001832  0.932312  0.752910 -0.191421  0.916725  0.952815
8   0.954269  0.892870  0.765566  0.966145  0.381549  0.228102  0.425077 -0.001832  0.964767  0.489947  0.681649  0.971024  0.575361  0.236354
9   0.377973  0.483363  0.773854  0.211033  0.857393  0.913307  0.831055  0.932312  0.489947  0.929955  0.726905  0.351216  0.830750  0.872569
10  0.667713  0.759537  0.731933  0.737211  0.795948  0.654913  0.774956  0.752910  0.681649  0.726905  0.913966  0.710489  0.694542  0.776622
11  0.970968  0.926292  0.775308  0.980741  0.293726 -0.050408  0.272242 -0.191421  0.971024  0.351216  0.710489  0.986206  0.424430  0.033766
12  0.366670  0.654783  0.756434  0.326062  0.783576  0.909871  0.803046  0.916725  0.575361  0.830750  0.694542  0.424430  0.927630  0.871414
13  0.043150  0.491933  0.655016  0.193244  0.892969  0.931490  0.904498  0.952815  0.236354  0.872569  0.776622  0.033766  0.871414  0.950729
14  0.978152  0.897510  0.850964  0.954787  0.564762  0.242545  0.169451  0.009756  0.959348  0.308273  0.566718  0.981701  0.453221  0.191593
15  0.897510  0.881547  0.816472  0.873146  0.700796  0.529566  0.483279  0.522485  0.857047  0.612182  0.751066  0.903377  0.706196  0.593607
16  0.850964  0.816472  0.914430  0.828103  0.766005  0.560775  0.494104  0.590979  0.839450  0.615301  0.785815  0.857586  0.655697  0.670285
17  0.954787  0.873146  0.828103  0.977189  0.639400  0.287554  0.172191  0.207037  0.950623  0.266010  0.650118  0.969156  0.466384  0.276483
18  0.564762  0.700796  0.766005  0.639400  0.896758  0.801999  0.774043  0.799507  0.582069  0.823102  0.834161  0.491076  0.805642  0.848368
19  0.242545  0.529566  0.560775  0.287554  0.801999  0.970468  0.936736  0.917353  0.361688  0.892929  0.726280  0.073673  0.849594  0.907329
20  0.169451  0.483279  0.494104  0.172191  0.774043  0.936736  0.979317  0.959857  0.220964  0.912131  0.740960 -0.185618  0.865016  0.922758
21  0.009756  0.522485  0.590979  0.207037  0.799507  0.917353  0.959857  0.978569  0.042562  0.927312  0.834124 -0.331130  0.874799  0.929935
22  0.959348  0.857047  0.839450  0.950623  0.582069  0.361688  0.220964  0.042562  0.979245  0.296402  0.559504  0.982384  0.426909  0.218079
23  0.308273  0.612182  0.615301  0.266010  0.823102  0.892929  0.912131  0.927312  0.296402  0.933156  0.809157  0.190396  0.874693  0.887309
24  0.566718  0.751066  0.785815  0.650118  0.834161  0.726280  0.740960  0.834124  0.559504  0.809157  0.912840  0.429206  0.801643  0.824208
25  0.981701  0.903377  0.857586  0.969156  0.491076  0.073673 -0.185618 -0.331130  0.982384  0.190396  0.429206  0.996890  0.318638 -0.061570
26  0.453221  0.706196  0.655697  0.466384  0.805642  0.849594  0.865016  0.874799  0.426909  0.874693  0.801643  0.318638  0.925303  0.842225
27  0.191593  0.593607  0.670285  0.276483  0.848368  0.907329  0.922758  0.929935  0.218079  0.887309  0.824208 -0.061570  0.842225  0.946115
2023-11-13 13:14:12,149 - __main__ - INFO - Standard Deviations Dataframe:
2023-11-13 13:14:12,153 - __main__ - INFO -           0         1         2         3         4         5         6         7         8         9         10        11        12        13
0   0.002316  0.018673  0.053005  0.004654  0.081975  0.237821  0.150077  0.119062  0.011840  0.043911  0.124641  0.007851  0.086437  0.096541
1   0.018673  0.021130  0.021148  0.019104  0.037829  0.315709  0.086756  0.204289  0.015397  0.195874  0.058725  0.008944  0.039241  0.073104
2   0.053005  0.021148  0.021765  0.115954  0.065169  0.055553  0.025336  0.074755  0.059099  0.052351  0.034820  0.078539  0.048397  0.049486
3   0.004654  0.019104  0.115954  0.003738  0.037100  0.210052  0.087990  0.105244  0.005380  0.165257  0.071817  0.005294  0.088055  0.106704
4   0.081975  0.037829  0.065169  0.037100  0.035293  0.011079  0.032992  0.013044  0.096986  0.012600  0.040166  0.132277  0.036313  0.028598
5   0.237821  0.315709  0.055553  0.210052  0.011079  0.009089  0.019957  0.011247  0.066428  0.027116  0.107293  0.066517  0.016618  0.011833
6   0.150077  0.086756  0.025336  0.087990  0.032992  0.019957  0.016046  0.018877  0.113251  0.019666  0.052233  0.176898  0.038974  0.020707
7   0.119062  0.204289  0.074755  0.105244  0.013044  0.011247  0.018877  0.005454  0.112857  0.009261  0.144970  0.071125  0.013984  0.009183
8   0.011840  0.015397  0.059099  0.005380  0.096986  0.066428  0.113251  0.112857  0.017067  0.040029  0.098408  0.011565  0.064041  0.114185
9   0.043911  0.195874  0.052351  0.165257  0.012600  0.027116  0.019666  0.009261  0.040029  0.014460  0.036318  0.035692  0.016657  0.013186
10  0.124641  0.058725  0.034820  0.071817  0.040166  0.107293  0.052233  0.144970  0.098408  0.036318  0.032157  0.087782  0.069866  0.091648
11  0.007851  0.008944  0.078539  0.005294  0.132277  0.066517  0.176898  0.071125  0.011565  0.035692  0.087782  0.009800  0.123888  0.167247
12  0.086437  0.039241  0.048397  0.088055  0.036313  0.016618  0.038974  0.013984  0.064041  0.016657  0.069866  0.123888  0.012688  0.041282
13  0.096541  0.073104  0.049486  0.106704  0.028598  0.011833  0.020707  0.009183  0.114185  0.013186  0.091648  0.167247  0.041282  0.012828
14  0.003216  0.023074  0.026160  0.005582  0.035560  0.069552  0.081405  0.078635  0.011068  0.051916  0.154369  0.006918  0.225484  0.129599
15  0.023074  0.015975  0.016012  0.032784  0.023515  0.088842  0.049368  0.066336  0.015359  0.044109  0.028675  0.022662  0.015957  0.055402
16  0.026160  0.016012  0.022645  0.027911  0.030204  0.103867  0.079446  0.050800  0.024118  0.044058  0.017962  0.046295  0.047627  0.085218
17  0.005582  0.032784  0.027911  0.015450  0.026062  0.157055  0.165798  0.106865  0.006328  0.086346  0.074784  0.008181  0.117729  0.131049
18  0.035560  0.023515  0.030204  0.026062  0.013801  0.019266  0.079350  0.032071  0.073901  0.008691  0.046319  0.090993  0.037599  0.011817
19  0.069552  0.088842  0.103867  0.157055  0.019266  0.012958  0.021312  0.016921  0.096865  0.028876  0.044023  0.151509  0.022258  0.031886
20  0.081405  0.049368  0.079446  0.165798  0.079350  0.021312  0.003893  0.006000  0.129316  0.028199  0.047782  0.153684  0.016916  0.042505
21  0.078635  0.066336  0.050800  0.106865  0.032071  0.016921  0.006000  0.003646  0.087240  0.013218  0.028518  0.114413  0.032490  0.018684
22  0.011068  0.015359  0.024118  0.006328  0.073901  0.096865  0.129316  0.087240  0.004723  0.040909  0.203709  0.005170  0.225533  0.141591
23  0.051916  0.044109  0.044058  0.086346  0.008691  0.028876  0.028199  0.013218  0.040909  0.009224  0.043235  0.089403  0.028568  0.052261
24  0.154369  0.028675  0.017962  0.074784  0.046319  0.044023  0.047782  0.028518  0.203709  0.043235  0.021523  0.262624  0.053236  0.035320
25  0.006918  0.022662  0.046295  0.008181  0.090993  0.151509  0.153684  0.114413  0.005170  0.089403  0.262624  0.001071  0.305006  0.129561
26  0.225484  0.015957  0.047627  0.117729  0.037599  0.022258  0.016916  0.032490  0.225533  0.028568  0.053236  0.305006  0.023280  0.022472
27  0.129599  0.055402  0.085218  0.131049  0.011817  0.031886  0.042505  0.018684  0.141591  0.052261  0.035320  0.129561  0.022472  0.028807
